0.000000000000000000e+00,-8.889279649070941022e-03,2.910543257681596496e-01,1.380415685614444221e-01,8.969511819578085410e-02,-1.012634096537125966e-02,8.448399656587550488e-02,7.555404875433385792e-02,1.943858201051569534e-02,-5.355021276002461077e-03,1.011606097494475859e-01,-5.126005865259711421e-03,3.017590030239103785e-02,-5.264972514162556856e-03,1.556222127655120663e-02,5.491364201291904466e-03,4.005051257959263977e-01,3.249146727995573612e-03,1.125770655810923310e-01
-8.889279649070941022e-03,0.000000000000000000e+00,3.244420822052596631e-01,3.934721470758832385e-01,-1.826693199494832526e-02,2.007213923803807202e-03,2.031679357673475336e-02,1.590110279778085001e-01,2.835322745290972876e-02,5.508157929401592129e-02,2.427381585750220880e-02,-1.147009679501980991e-03,4.576143560724568737e-03,1.284375630479404617e-01,4.417946286760174594e-04,9.359114742217798655e-02,4.981054096174257761e-01,-2.252977993773327709e-03,8.610455671893284257e-02
2.910543257681596496e-01,3.244420822052596631e-01,0.000000000000000000e+00,2.478558321349983995e-01,-1.298922033178490087e-02,1.566435704863658115e-02,1.387545437843175355e-01,5.392879585596863784e-02,2.655718173144318017e-01,8.198512385926121082e-02,8.661572250344035107e-02,1.964207874245927077e-01,-3.762344590183128168e-02,3.769744531444732538e-02,6.016234017093469166e-02,1.533166403748607576e-01,2.216025660886537241e-01,1.551992408367392218e-01,8.043922867993939796e-02
1.380415685614444221e-01,3.934721470758832385e-01,2.478558321349983995e-01,0.000000000000000000e+00,1.788946523653408768e-02,1.548745551678467336e-01,3.604567859026164972e-02,1.053285967019819136e-01,6.100667468479106792e-03,9.422012036371905930e-03,3.689771535733011448e-02,2.611712506304433301e-01,-1.527439424444133713e-02,-5.609947347991635185e-03,4.783433006870302373e-02,-6.399242271532649962e-03,-2.649437497651441903e-04,1.000558127882253956e-01,-6.856306160308030251e-03
8.969511819578085410e-02,-1.826693199494832526e-02,-1.298922033178490087e-02,1.788946523653408768e-02,0.000000000000000000e+00,4.756041538892192069e-04,-7.943161690603982653e-03,-5.722655111757411588e-03,5.984042205095556170e-03,2.899131802607312746e-03,-1.640896516522087623e-02,-1.234321997347262619e-02,-7.118497496732913155e-03,-6.261767262033083280e-03,-7.077057542307987892e-04,-5.371619287872880268e-03,1.194120583104732979e-02,9.582022734795728755e-04,-1.485598404610885721e-02
-1.012634096537125966e-02,2.007213923803807202e-03,1.566435704863658115e-02,1.548745551678467336e-01,4.756041538892192069e-04,0.000000000000000000e+00,-1.195010568886995493e-02,-6.975858480901550064e-03,1.552616621527524998e-02,-3.385970307669752821e-03,-8.614313687364059946e-03,2.008661320556451302e-02,2.676446216372558792e-02,6.999619477940850765e-02,-5.100787008419702291e-03,8.616392474091902299e-04,1.948688833623432037e-01,6.171983269857920368e-02,9.697262519231865732e-03
8.448399656587550488e-02,2.031679357673475336e-02,1.387545437843175355e-01,3.604567859026164972e-02,-7.943161690603982653e-03,-1.195010568886995493e-02,0.000000000000000000e+00,9.015359036808915857e-03,-1.206059733806617460e-03,1.471557979695626293e-04,-1.266572348181118496e-02,-1.381442679440027764e-02,-1.292796719517239935e-02,8.762732363944659639e-03,2.269164605174304669e-02,-1.886680946438589130e-03,6.690679201343305467e-03,3.701865362459869774e-02,1.540143037614393915e-03
7.555404875433385792e-02,1.590110279778085001e-01,5.392879585596863784e-02,1.053285967019819136e-01,-5.722655111757411588e-03,-6.975858480901550064e-03,9.015359036808915857e-03,0.000000000000000000e+00,7.511981666686947008e-03,-1.034610547221754065e-02,2.572974557344484374e-03,2.281875695668421633e-01,9.072993939761736862e-03,-1.507179456614832387e-02,7.305376446613015551e-02,3.858469379514783970e-02,-1.548410092501156278e-02,9.015796396747200597e-03,-9.171817186780517616e-05
1.943858201051569534e-02,2.835322745290972876e-02,2.655718173144318017e-01,6.100667468479106792e-03,5.984042205095556170e-03,1.552616621527524998e-02,-1.206059733806617460e-03,7.511981666686947008e-03,0.000000000000000000e+00,-6.827087796900739754e-03,-1.028439861322645067e-02,8.480594894183497365e-03,3.003650361137273975e-02,-6.120067241145467178e-03,3.354320259723130720e-02,1.110180687833970357e-02,6.277344312695178064e-02,8.398883927565359286e-02,-5.412966994033231553e-03
-5.355021276002461077e-03,5.508157929401592129e-02,8.198512385926121082e-02,9.422012036371905930e-03,2.899131802607312746e-03,-3.385970307669752821e-03,1.471557979695626293e-04,-1.034610547221754065e-02,-6.827087796900739754e-03,0.000000000000000000e+00,-1.439081556561407592e-02,9.875064157812241117e-02,-1.711872098957989072e-02,-1.309743076923794262e-02,-6.586964481839725945e-03,1.061842351979540300e-02,-1.550244218256277562e-02,4.226516403469235406e-02,-9.017604757532986237e-03
1.011606097494475859e-01,2.427381585750220880e-02,8.661572250344035107e-02,3.689771535733011448e-02,-1.640896516522087623e-02,-8.614313687364059946e-03,-1.266572348181118496e-02,2.572974557344484374e-03,-1.028439861322645067e-02,-1.439081556561407592e-02,0.000000000000000000e+00,2.543492865824103014e-03,-8.013836053574278570e-03,-1.092164721143409727e-02,-7.435793852326300253e-03,6.070386928038576206e-03,3.214961446628807756e-02,1.081471242929134269e-02,-3.803227066140526386e-03
-5.126005865259711421e-03,-1.147009679501980991e-03,1.964207874245927077e-01,2.611712506304433301e-01,-1.234321997347262619e-02,2.008661320556451302e-02,-1.381442679440027764e-02,2.281875695668421633e-01,8.480594894183497365e-03,9.875064157812241117e-02,2.543492865824103014e-03,0.000000000000000000e+00,-1.058072510075849272e-02,5.611927939533859627e-02,-1.140872034026896124e-03,3.071900465758405432e-02,2.137859582344317222e-01,7.094897067710607269e-03,9.376388764747002613e-02
3.017590030239103785e-02,4.576143560724568737e-03,-3.762344590183128168e-02,-1.527439424444133713e-02,-7.118497496732913155e-03,2.676446216372558792e-02,-1.292796719517239935e-02,9.072993939761736862e-03,3.003650361137273975e-02,-1.711872098957989072e-02,-8.013836053574278570e-03,-1.058072510075849272e-02,0.000000000000000000e+00,-7.356681606204205220e-03,-7.208765630615793750e-03,7.082271338087105413e-03,-6.526331634282529943e-03,-2.932383773737758104e-04,-4.068003512626779832e-04
-5.264972514162556856e-03,1.284375630479404617e-01,3.769744531444732538e-02,-5.609947347991635185e-03,-6.261767262033083280e-03,6.999619477940850765e-02,8.762732363944659639e-03,-1.507179456614832387e-02,-6.120067241145467178e-03,-1.309743076923794262e-02,-1.092164721143409727e-02,5.611927939533859627e-02,-7.356681606204205220e-03,0.000000000000000000e+00,6.696569946960741031e-03,3.200831729020772731e-02,-1.182543047550015276e-02,-4.051184356167775169e-03,7.704654092469651744e-03
1.556222127655120663e-02,4.417946286760174594e-04,6.016234017093469166e-02,4.783433006870302373e-02,-7.077057542307987892e-04,-5.100787008419702291e-03,2.269164605174304669e-02,7.305376446613015551e-02,3.354320259723130720e-02,-6.586964481839725945e-03,-7.435793852326300253e-03,-1.140872034026896124e-03,-7.208765630615793750e-03,6.696569946960741031e-03,0.000000000000000000e+00,-3.646945413257846307e-03,2.081829801653948056e-02,1.732467950054253011e-02,2.743559729371829528e-02
5.491364201291904466e-03,9.359114742217798655e-02,1.533166403748607576e-01,-6.399242271532649962e-03,-5.371619287872880268e-03,8.616392474091902299e-04,-1.886680946438589130e-03,3.858469379514783970e-02,1.110180687833970357e-02,1.061842351979540300e-02,6.070386928038576206e-03,3.071900465758405432e-02,7.082271338087105413e-03,3.200831729020772731e-02,-3.646945413257846307e-03,0.000000000000000000e+00,3.205061456592970398e-04,6.371278401936773979e-03,1.243607061937693735e-02
4.005051257959263977e-01,4.981054096174257761e-01,2.216025660886537241e-01,-2.649437497651441903e-04,1.194120583104732979e-02,1.948688833623432037e-01,6.690679201343305467e-03,-1.548410092501156278e-02,6.277344312695178064e-02,-1.550244218256277562e-02,3.214961446628807756e-02,2.137859582344317222e-01,-6.526331634282529943e-03,-1.182543047550015276e-02,2.081829801653948056e-02,3.205061456592970398e-04,0.000000000000000000e+00,2.609456939518550178e-01,1.874946101962471703e-02
3.249146727995573612e-03,-2.252977993773327709e-03,1.551992408367392218e-01,1.000558127882253956e-01,9.582022734795728755e-04,6.171983269857920368e-02,3.701865362459869774e-02,9.015796396747200597e-03,8.398883927565359286e-02,4.226516403469235406e-02,1.081471242929134269e-02,7.094897067710607269e-03,-2.932383773737758104e-04,-4.051184356167775169e-03,1.732467950054253011e-02,6.371278401936773979e-03,2.609456939518550178e-01,0.000000000000000000e+00,3.272208530109820684e-02
1.125770655810923310e-01,8.610455671893284257e-02,8.043922867993939796e-02,-6.856306160308030251e-03,-1.485598404610885721e-02,9.697262519231865732e-03,1.540143037614393915e-03,-9.171817186780517616e-05,-5.412966994033231553e-03,-9.017604757532986237e-03,-3.803227066140526386e-03,9.376388764747002613e-02,-4.068003512626779832e-04,7.704654092469651744e-03,2.743559729371829528e-02,1.243607061937693735e-02,1.874946101962471703e-02,3.272208530109820684e-02,0.000000000000000000e+00
