0.000000000000000000e+00,-2.946033406794644205e-01,2.814484443438201589e-01,-2.255146717825979863e-01,-1.655969831235830012e-02,-2.387098043388026850e-02,1.130552133825859368e-01,1.203766414613314378e-01,-1.662657884148571463e-01,3.692369758806814950e-01,4.525794613238074970e-01,1.317809144865201287e-01,2.809995036829764925e-01,9.638834634267239021e-02,-2.982140274813784298e-01,7.282989773974564429e-02,5.869496712426062329e-02,3.070117714464950034e-02,2.807825112397540138e-02
-2.946033406794644205e-01,0.000000000000000000e+00,4.756055539497774376e-01,-2.333077569815538155e-01,3.059260247789494236e-01,-1.403001697078783139e-02,2.596130687732096654e-01,1.994426544584392003e-01,-1.368139294602183642e-01,1.130507701143071420e-01,2.918569503524523490e-01,3.059415947359538923e-01,4.462062515523635420e-01,2.039471631755673531e-01,-1.368980457597827327e-01,1.436594376870634349e-01,-3.645178003037114617e-02,1.157279718773612277e-02,1.561282448114432453e-01
2.814484443438201589e-01,4.756055539497774376e-01,0.000000000000000000e+00,8.313778952792721944e-02,3.144997957295884716e-01,3.366927943466961337e-01,3.215122329462419271e-01,2.713357930164994603e-01,5.081494917540196887e-02,2.082588646590969039e-01,-4.426239917337316393e-02,2.530860272552246104e-01,5.343163783320868943e-01,3.194482851316542416e-01,-6.805370156051113173e-02,3.384137407551124910e-01,-9.908060435218940531e-02,3.440217398699142032e-02,2.109591226125871744e-01
-2.255146717825979863e-01,-2.333077569815538155e-01,8.313778952792721944e-02,0.000000000000000000e+00,-1.791670340320877450e-02,-1.295911359090983449e-02,-4.094819112341683415e-02,4.416507514789485417e-02,1.447507717552637685e-01,3.212874003791755251e-01,-2.049194343599960305e-02,6.522641534512872707e-02,8.600393747284472423e-02,-1.281902789589654985e-02,-1.018412844261165490e-01,1.061968427803514636e-01,4.042250444320481112e-02,-1.495170288484898025e-01,-3.091623229135571568e-02
-1.655969831235830012e-02,3.059260247789494236e-01,3.144997957295884716e-01,-1.791670340320877450e-02,0.000000000000000000e+00,2.667109178466302646e-02,9.194502870831115782e-03,2.249896886257186923e-02,3.667966338278188382e-02,2.282622957063766000e-01,3.158376416225128214e-03,5.592687507939795438e-02,-1.014345714968226536e-01,-1.947824865281290799e-02,1.677114104453368559e-01,8.995004973555448258e-02,-4.997486484831961673e-02,-4.057785376644910263e-02,3.126458957949035389e-02
-2.387098043388026850e-02,-1.403001697078783139e-02,3.366927943466961337e-01,-1.295911359090983449e-02,2.667109178466302646e-02,0.000000000000000000e+00,4.802825517158127995e-04,1.382751928255883944e-01,-6.633634523803237648e-02,-2.466034691598437481e-02,4.447957000522374110e-02,2.371236735298700715e-01,1.388488864172612025e-01,-2.739712769396031658e-02,9.003707570936618498e-02,-4.998332354169262443e-02,-5.431186726415996452e-02,4.219576641058019745e-02,2.206519998630908364e-02
1.130552133825859368e-01,2.596130687732096654e-01,3.215122329462419271e-01,-4.094819112341683415e-02,9.194502870831115782e-03,4.802825517158127995e-04,0.000000000000000000e+00,-4.360672506593091594e-03,2.610817089689979401e-02,6.531946073710388767e-02,1.432703150085068433e-02,2.401218606757355989e-01,-1.637568308037947729e-01,8.725084536066764207e-02,8.334619292362384357e-02,4.044817929262391892e-02,-5.149806447595996900e-02,-3.672512512312128222e-03,7.015013012764297062e-03
1.203766414613314378e-01,1.994426544584392003e-01,2.713357930164994603e-01,4.416507514789485417e-02,2.249896886257186923e-02,1.382751928255883944e-01,-4.360672506593091594e-03,0.000000000000000000e+00,1.458830387848874532e-01,-4.717527824328043851e-02,-2.214402604662261617e-02,7.270188492310915296e-02,-8.432563331473280632e-02,6.949548345986346180e-03,9.269463008987188779e-02,3.921126130363559309e-02,3.904239586878873597e-02,6.012572205394851182e-02,1.588807330576424148e-01
-1.662657884148571463e-01,-1.368139294602183642e-01,5.081494917540196887e-02,1.447507717552637685e-01,3.667966338278188382e-02,-6.633634523803237648e-02,2.610817089689979401e-02,1.458830387848874532e-01,0.000000000000000000e+00,1.546687724066992953e-01,-1.296506696419359450e-01,-3.763629346671662490e-02,-9.711079486826533491e-02,-2.046645655361896410e-02,9.274527455420300548e-02,-5.408583621528550989e-02,-8.238031556839675584e-02,9.379276302170370949e-02,3.032419902265047762e-01
3.692369758806814950e-01,1.130507701143071420e-01,2.082588646590969039e-01,3.212874003791755251e-01,2.282622957063766000e-01,-2.466034691598437481e-02,6.531946073710388767e-02,-4.717527824328043851e-02,1.546687724066992953e-01,0.000000000000000000e+00,3.362633402796151583e-02,1.850668740603514939e-01,-1.272052673769796249e-01,6.643558002097495196e-02,8.986910554818776375e-02,2.407031147302638452e-01,8.263550835456100196e-02,-1.077463822075915428e-01,-2.556478680648145430e-01
4.525794613238074970e-01,2.918569503524523490e-01,-4.426239917337316393e-02,-2.049194343599960305e-02,3.158376416225128214e-03,4.447957000522374110e-02,1.432703150085068433e-02,-2.214402604662261617e-02,-1.296506696419359450e-01,3.362633402796151583e-02,0.000000000000000000e+00,3.167502441474913111e-01,2.564881557089659925e-01,1.498283649454941859e-03,1.687070440794591619e-01,3.299368142697380740e-02,1.607258149078204246e-01,7.337991826194249778e-02,2.775431535752876863e-02
1.317809144865201287e-01,3.059415947359538923e-01,2.530860272552246104e-01,6.522641534512872707e-02,5.592687507939795438e-02,2.371236735298700715e-01,2.401218606757355989e-01,7.270188492310915296e-02,-3.763629346671662490e-02,1.850668740603514939e-01,3.167502441474913111e-01,0.000000000000000000e+00,3.905486440437275775e-01,1.640438597777520505e-02,-9.851280939852792573e-02,-9.890860393447115095e-02,-3.779561588944635453e-02,-6.291997866370599435e-02,-3.802301945505450614e-02
2.809995036829764925e-01,4.462062515523635420e-01,5.343163783320868943e-01,8.600393747284472423e-02,-1.014345714968226536e-01,1.388488864172612025e-01,-1.637568308037947729e-01,-8.432563331473280632e-02,-9.711079486826533491e-02,-1.272052673769796249e-01,2.564881557089659925e-01,3.905486440437275775e-01,0.000000000000000000e+00,-2.014807338782313370e-02,2.891131481270933432e-02,4.494901306873843455e-02,6.207661998871735753e-02,-1.122355441790418018e-01,-2.451780120203567448e-01
9.638834634267239021e-02,2.039471631755673531e-01,3.194482851316542416e-01,-1.281902789589654985e-02,-1.947824865281290799e-02,-2.739712769396031658e-02,8.725084536066764207e-02,6.949548345986346180e-03,-2.046645655361896410e-02,6.643558002097495196e-02,1.498283649454941859e-03,1.640438597777520505e-02,-2.014807338782313370e-02,0.000000000000000000e+00,1.922025407713659761e-01,1.304967734107847777e-01,9.125659100903588117e-02,3.924629453216962188e-02,2.496607018279127510e-02
-2.982140274813784298e-01,-1.368980457597827327e-01,-6.805370156051113173e-02,-1.018412844261165490e-01,1.677114104453368559e-01,9.003707570936618498e-02,8.334619292362384357e-02,9.269463008987188779e-02,9.274527455420300548e-02,8.986910554818776375e-02,1.687070440794591619e-01,-9.851280939852792573e-02,2.891131481270933432e-02,1.922025407713659761e-01,0.000000000000000000e+00,4.971306342256676808e-02,1.969345046068479155e-01,1.224792407359069114e-02,-7.262567679500533946e-02
7.282989773974564429e-02,1.436594376870634349e-01,3.384137407551124910e-01,1.061968427803514636e-01,8.995004973555448258e-02,-4.998332354169262443e-02,4.044817929262391892e-02,3.921126130363559309e-02,-5.408583621528550989e-02,2.407031147302638452e-01,3.299368142697380740e-02,-9.890860393447115095e-02,4.494901306873843455e-02,1.304967734107847777e-01,4.971306342256676808e-02,0.000000000000000000e+00,2.428428388176523678e-01,-2.122252027611998271e-02,-2.428148638518866712e-02
5.869496712426062329e-02,-3.645178003037114617e-02,-9.908060435218940531e-02,4.042250444320481112e-02,-4.997486484831961673e-02,-5.431186726415996452e-02,-5.149806447595996900e-02,3.904239586878873597e-02,-8.238031556839675584e-02,8.263550835456100196e-02,1.607258149078204246e-01,-3.779561588944635453e-02,6.207661998871735753e-02,9.125659100903588117e-02,1.969345046068479155e-01,2.428428388176523678e-01,0.000000000000000000e+00,-1.053762956377886501e-01,-1.348662010364564401e-01
3.070117714464950034e-02,1.157279718773612277e-02,3.440217398699142032e-02,-1.495170288484898025e-01,-4.057785376644910263e-02,4.219576641058019745e-02,-3.672512512312128222e-03,6.012572205394851182e-02,9.379276302170370949e-02,-1.077463822075915428e-01,7.337991826194249778e-02,-6.291997866370599435e-02,-1.122355441790418018e-01,3.924629453216962188e-02,1.224792407359069114e-02,-2.122252027611998271e-02,-1.053762956377886501e-01,0.000000000000000000e+00,-1.764334084434792879e-02
2.807825112397540138e-02,1.561282448114432453e-01,2.109591226125871744e-01,-3.091623229135571568e-02,3.126458957949035389e-02,2.206519998630908364e-02,7.015013012764297062e-03,1.588807330576424148e-01,3.032419902265047762e-01,-2.556478680648145430e-01,2.775431535752876863e-02,-3.802301945505450614e-02,-2.451780120203567448e-01,2.496607018279127510e-02,-7.262567679500533946e-02,-2.428148638518866712e-02,-1.348662010364564401e-01,-1.764334084434792879e-02,0.000000000000000000e+00
