0.000000000000000000e+00,-1.010269723962720252e-02,-7.252787799458062373e-03,1.578070168841189114e-02,-1.266535893690406110e-02,-1.512604897754546950e-02,-1.473501596607570095e-02,6.493960548275736454e-03,-1.633467460682757819e-02,4.998681043928898671e-02,-1.083158683324209060e-02,-7.698244152758638124e-03,-1.548466205186610489e-02,-1.238197690522341819e-02,-8.953308446435775600e-03,-1.773874898873083888e-02,-1.192881318809719572e-02,-1.275569256503433085e-02,1.467839400517942094e-01
-1.010269723962720252e-02,0.000000000000000000e+00,-1.462711112900761702e-02,5.129889736673829033e-03,-1.331834869886660937e-02,-1.731256779798838116e-02,-1.291001744598942874e-02,1.764481618217657441e-03,-1.605089047394001739e-02,4.694294656228643198e-02,-1.045311560292299345e-02,-6.691220659105737330e-03,-1.509227670081577689e-02,-1.354372159103587638e-02,-1.287930392001610837e-02,-1.727096096869800909e-02,-1.525751395055915428e-02,-9.389763591862063455e-03,1.505139632746771150e-01
-7.252787799458062373e-03,-1.462711112900761702e-02,0.000000000000000000e+00,-5.904201608424750232e-03,-1.508169054182189293e-02,-1.418966361381726431e-02,-1.519486909764793808e-02,1.101112138797608747e-02,-1.734440983847978374e-02,5.415391230336383255e-02,5.649007942803724140e-03,-1.294860984374663314e-02,-1.328190391582045014e-02,-1.037058902455796627e-02,-8.839431734666338206e-03,-1.748180531396254303e-02,-1.453144165220621696e-02,4.683037390789047093e-03,1.700693361779739010e-01
1.578070168841189114e-02,5.129889736673829033e-03,-5.904201608424750232e-03,0.000000000000000000e+00,-1.127753393128618463e-02,-1.464303763062282113e-03,-7.497344854899508360e-03,8.626856813640856533e-03,-1.621387797793887725e-02,6.164808422814869321e-02,1.306522796312047097e-02,7.766279355537485801e-03,-5.764582862674460378e-03,-7.105414309101812072e-04,-1.502156578263334936e-02,-1.770942361887510239e-02,-1.601066990368912911e-03,4.063350885603003032e-02,1.855329585037401585e-01
-1.266535893690406110e-02,-1.331834869886660937e-02,-1.508169054182189293e-02,-1.127753393128618463e-02,0.000000000000000000e+00,-1.153807517474738503e-02,-1.274105621983444986e-02,-7.235833198767051971e-03,-1.716601631314918983e-02,5.279637210810328614e-03,3.313809854352896180e-03,-1.114705860681274030e-02,4.755103974335366662e-02,-8.588899421871068127e-03,-1.280956896309849539e-02,-1.635753328562189468e-02,-1.308727328897657007e-02,-1.389233059988366319e-02,5.069879753701176522e-02
-1.512604897754546950e-02,-1.731256779798838116e-02,-1.418966361381726431e-02,-1.464303763062282113e-03,-1.153807517474738503e-02,0.000000000000000000e+00,4.484152681944156976e-02,4.004597822928717549e-02,2.625328182500119567e-02,9.447141082126396527e-02,-9.281340798262821198e-03,-1.445972852229762858e-02,2.538879153150574216e-03,2.951554915150673974e-02,3.564860640913080411e-03,1.961324320736235194e-02,-4.521405207613577414e-03,-5.210954957229649125e-03,1.487432688952552984e-01
-1.473501596607570095e-02,-1.291001744598942874e-02,-1.519486909764793808e-02,-7.497344854899508360e-03,-1.274105621983444986e-02,4.484152681944156976e-02,0.000000000000000000e+00,1.109819134977275690e-01,-4.684289111818249439e-03,1.693837415780710953e-01,-1.643638139458555511e-02,-9.902332588724664306e-03,-1.225201555299329330e-02,3.144190394443786493e-03,1.201030472250191744e-01,-1.719742372148475723e-02,-6.476020527747411611e-03,6.791062447666998403e-02,5.610966234025885901e-01
6.493960548275736454e-03,1.764481618217657441e-03,1.101112138797608747e-02,8.626856813640856533e-03,-7.235833198767051971e-03,4.004597822928717549e-02,1.109819134977275690e-01,0.000000000000000000e+00,2.209316587796859299e-01,-9.010813002238474492e-03,-4.956535679427679676e-03,-4.566224945804445851e-03,-1.714288847161805560e-02,-1.375867423220396291e-02,1.621932202748824214e-01,2.978844319738171431e-01,2.697216195591199683e-02,9.709659415713234321e-02,3.855679606806434179e-01
-1.633467460682757819e-02,-1.605089047394001739e-02,-1.734440983847978374e-02,-1.621387797793887725e-02,-1.716601631314918983e-02,2.625328182500119567e-02,-4.684289111818249439e-03,2.209316587796859299e-01,0.000000000000000000e+00,4.977504317584481863e-01,-1.673610501329276037e-02,-1.331089178472727973e-02,-1.321951586240960493e-02,1.903548497172178776e-03,1.166123774256179607e-01,-1.713314121455242547e-02,-1.544760627221235770e-02,3.209368906052303266e-02,5.014422377245425499e-01
4.998681043928898671e-02,4.694294656228643198e-02,5.415391230336383255e-02,6.164808422814869321e-02,5.279637210810328614e-03,9.447141082126396527e-02,1.693837415780710953e-01,-9.010813002238474492e-03,4.977504317584481863e-01,0.000000000000000000e+00,2.441901417411475664e-02,3.922569072199921097e-02,-1.384381353629591561e-02,3.508126776003750707e-03,2.783084553654278093e-01,5.205954368971125179e-01,8.218495857502351731e-02,1.488754803314331077e-01,2.532923127839791788e-01
-1.083158683324209060e-02,-1.045311560292299345e-02,5.649007942803724140e-03,1.306522796312047097e-02,3.313809854352896180e-03,-9.281340798262821198e-03,-1.643638139458555511e-02,-4.956535679427679676e-03,-1.673610501329276037e-02,2.441901417411475664e-02,0.000000000000000000e+00,-1.008536480275081318e-02,-1.148703666598735636e-02,-1.287025384897211126e-02,-4.213951513281886246e-03,-1.725469807071143211e-02,-2.792928214381064627e-03,-1.334561024696719923e-02,9.327873141331437246e-02
-7.698244152758638124e-03,-6.691220659105737330e-03,-1.294860984374663314e-02,7.766279355537485801e-03,-1.114705860681274030e-02,-1.445972852229762858e-02,-9.902332588724664306e-03,-4.566224945804445851e-03,-1.331089178472727973e-02,3.922569072199921097e-02,-1.008536480275081318e-02,0.000000000000000000e+00,-1.415021103677730624e-02,-1.554301455716944856e-02,-1.541787514570777846e-02,-1.660381303010672466e-02,-1.296050801306647404e-02,-1.058442130543851833e-02,1.343464493123607550e-01
-1.548466205186610489e-02,-1.509227670081577689e-02,-1.328190391582045014e-02,-5.764582862674460378e-03,4.755103974335366662e-02,2.538879153150574216e-03,-1.225201555299329330e-02,-1.714288847161805560e-02,-1.321951586240960493e-02,-1.384381353629591561e-02,-1.148703666598735636e-02,-1.415021103677730624e-02,0.000000000000000000e+00,-1.087341402656169520e-02,-3.732223831960961719e-03,-1.434032559815748981e-02,-1.115179298205467261e-02,-8.641224424212109317e-04,6.155320175863149279e-03
-1.238197690522341819e-02,-1.354372159103587638e-02,-1.037058902455796627e-02,-7.105414309101812072e-04,-8.588899421871068127e-03,2.951554915150673974e-02,3.144190394443786493e-03,-1.375867423220396291e-02,1.903548497172178776e-03,3.508126776003750707e-03,-1.287025384897211126e-02,-1.554301455716944856e-02,-1.087341402656169520e-02,0.000000000000000000e+00,-1.087286865569051138e-02,-1.474379876586845439e-02,-6.793073881936159686e-03,-2.570287664206050062e-03,3.398273476804213739e-02
-8.953308446435775600e-03,-1.287930392001610837e-02,-8.839431734666338206e-03,-1.502156578263334936e-02,-1.280956896309849539e-02,3.564860640913080411e-03,1.201030472250191744e-01,1.621932202748824214e-01,1.166123774256179607e-01,2.783084553654278093e-01,-4.213951513281886246e-03,-1.541787514570777846e-02,-3.732223831960961719e-03,-1.087286865569051138e-02,0.000000000000000000e+00,1.596468450870100475e-02,-1.430914624655166799e-02,3.628587337988422798e-03,2.152485892751353769e-01
-1.773874898873083888e-02,-1.727096096869800909e-02,-1.748180531396254303e-02,-1.770942361887510239e-02,-1.635753328562189468e-02,1.961324320736235194e-02,-1.719742372148475723e-02,2.978844319738171431e-01,-1.713314121455242547e-02,5.205954368971125179e-01,-1.725469807071143211e-02,-1.660381303010672466e-02,-1.434032559815748981e-02,-1.474379876586845439e-02,1.596468450870100475e-02,0.000000000000000000e+00,-1.666371022379923780e-02,1.733437648715875287e-02,2.428546856178621371e-01
-1.192881318809719572e-02,-1.525751395055915428e-02,-1.453144165220621696e-02,-1.601066990368912911e-03,-1.308727328897657007e-02,-4.521405207613577414e-03,-6.476020527747411611e-03,2.697216195591199683e-02,-1.544760627221235770e-02,8.218495857502351731e-02,-2.792928214381064627e-03,-1.296050801306647404e-02,-1.115179298205467261e-02,-6.793073881936159686e-03,-1.430914624655166799e-02,-1.666371022379923780e-02,0.000000000000000000e+00,3.525349629333139612e-02,2.022024885953948858e-01
-1.275569256503433085e-02,-9.389763591862063455e-03,4.683037390789047093e-03,4.063350885603003032e-02,-1.389233059988366319e-02,-5.210954957229649125e-03,6.791062447666998403e-02,9.709659415713234321e-02,3.209368906052303266e-02,1.488754803314331077e-01,-1.334561024696719923e-02,-1.058442130543851833e-02,-8.641224424212109317e-04,-2.570287664206050062e-03,3.628587337988422798e-03,1.733437648715875287e-02,3.525349629333139612e-02,0.000000000000000000e+00,2.485655283518486136e-01
1.467839400517942094e-01,1.505139632746771150e-01,1.700693361779739010e-01,1.855329585037401585e-01,5.069879753701176522e-02,1.487432688952552984e-01,5.610966234025885901e-01,3.855679606806434179e-01,5.014422377245425499e-01,2.532923127839791788e-01,9.327873141331437246e-02,1.343464493123607550e-01,6.155320175863149279e-03,3.398273476804213739e-02,2.152485892751353769e-01,2.428546856178621371e-01,2.022024885953948858e-01,2.485655283518486136e-01,0.000000000000000000e+00
