0.000000000000000000e+00,9.185931294020647717e-03,2.770821172578928279e-03,6.813109881422534098e-02,1.164456915172099039e-01,7.014035241062409332e-02,-3.470155946094199018e-03,1.199220349621323879e-02,3.968093027062007810e-02,1.475758158102227248e-02,-4.237678428720894654e-03,4.224060966337830902e-02,8.368735844467188600e-02,9.367698135066899329e-03,4.770631664314371051e-02,3.676859062884663826e-02,1.352900693203749026e-02,8.738742454452020150e-03,-8.207466240967390206e-03
9.185931294020647717e-03,0.000000000000000000e+00,-8.043456700895257674e-03,5.979982062051127784e-02,8.977162923661179128e-02,5.206862952144904882e-02,1.944531106454876548e-02,1.375640316223326019e-02,4.557849659477816034e-02,7.132306511698782887e-03,-1.036009544144328443e-02,5.109298304589823120e-02,-5.941853947874542290e-03,1.390791780023430124e-02,1.104209732317838061e-01,4.250013778885394083e-03,-8.698821627336969509e-03,1.730995399351473868e-02,1.270308312035794973e-02
2.770821172578928279e-03,-8.043456700895257674e-03,0.000000000000000000e+00,-1.987732608065105459e-04,4.584213067160958222e-02,1.246982330381993763e-02,1.808838996374291562e-03,-4.490698996558995480e-03,9.804264486273563117e-03,1.631330944536963853e-02,-2.133994032524295491e-03,4.622809079109965746e-02,1.015438633146765884e-01,4.499328597159104465e-02,1.389585264100950089e-02,9.783226975350200680e-03,3.371278140133294413e-03,2.522617202495207323e-02,8.785542039787730753e-03
6.813109881422534098e-02,5.979982062051127784e-02,-1.987732608065105459e-04,0.000000000000000000e+00,2.787934548642137522e-02,8.491337715215652388e-04,5.661190977529823032e-02,2.685098878961342597e-02,2.006565596993000952e-02,3.786216786288141428e-02,-1.125916479087230200e-02,3.823882160526330311e-03,-4.371821347561308420e-03,5.776525888956008520e-02,1.375700466316168991e-01,7.783842068919592273e-03,2.862951838465664298e-02,7.921797364607914560e-02,1.350228764766040097e-02
1.164456915172099039e-01,8.977162923661179128e-02,4.584213067160958222e-02,2.787934548642137522e-02,0.000000000000000000e+00,-6.029718093866605344e-03,1.600954750878669230e-01,3.114971473221725407e-02,9.364240500270333556e-02,-5.958993057445217088e-03,4.786988927868904287e-02,3.688481593445205875e-02,7.182347040146939976e-02,-7.846700625643352953e-03,1.937470673191346304e-01,5.384263880296007989e-04,3.813797997291593772e-02,6.103667513886173318e-03,3.393100049647217870e-02
7.014035241062409332e-02,5.206862952144904882e-02,1.246982330381993763e-02,8.491337715215652388e-04,-6.029718093866605344e-03,0.000000000000000000e+00,2.525654400649705866e-02,1.366537238448708724e-01,1.080324240148146375e-02,3.082470359452694000e-02,1.184135784932586893e-01,1.025880038086460638e-01,1.341562729963684253e-01,-1.929991708434658634e-03,-4.825027921808846230e-03,1.343581674422339445e-01,8.186111448999176799e-05,1.098916686720264289e-02,3.674962238329709807e-02
-3.470155946094199018e-03,1.944531106454876548e-02,1.808838996374291562e-03,5.661190977529823032e-02,1.600954750878669230e-01,2.525654400649705866e-02,0.000000000000000000e+00,3.118922162270595586e-02,1.570025082428211649e-01,1.466687565243577490e-02,1.055720967117710794e-03,4.211423091250326295e-02,6.596357496193467999e-03,2.549885143519854680e-02,2.089589937525808683e-01,-1.070492971539861726e-02,5.366461645589257201e-02,2.589482244335407639e-04,-6.490006228612548583e-03
1.199220349621323879e-02,1.375640316223326019e-02,-4.490698996558995480e-03,2.685098878961342597e-02,3.114971473221725407e-02,1.366537238448708724e-01,3.118922162270595586e-02,0.000000000000000000e+00,2.607773284975318032e-02,9.694112298922696880e-02,5.409364537375469656e-02,9.263634154043953739e-02,1.551240166825805233e-01,1.758722969426914154e-02,-5.351003897559565743e-03,1.942385275715615700e-01,-5.812489416102833290e-03,1.078039699645818965e-02,3.723115069117311632e-02
3.968093027062007810e-02,4.557849659477816034e-02,9.804264486273563117e-03,2.006565596993000952e-02,9.364240500270333556e-02,1.080324240148146375e-02,1.570025082428211649e-01,2.607773284975318032e-02,0.000000000000000000e+00,1.567030899957335896e-02,3.893238057258822937e-02,1.077313142699655307e-01,2.398556267258646069e-02,6.106284010813981672e-02,1.069199234896471389e-02,-1.504500665574003658e-02,-1.430478884998023217e-03,3.938940861486305185e-03,5.034387288081518252e-02
1.475758158102227248e-02,7.132306511698782887e-03,1.631330944536963853e-02,3.786216786288141428e-02,-5.958993057445217088e-03,3.082470359452694000e-02,1.466687565243577490e-02,9.694112298922696880e-02,1.567030899957335896e-02,0.000000000000000000e+00,2.055500957902636414e-02,4.961741954722939663e-02,6.147052914855250655e-03,1.682976543456752086e-02,-6.543017601050999700e-03,1.781336285983722986e-04,5.743019863416164335e-03,1.008511646825316008e-02,2.030589684888605209e-02
-4.237678428720894654e-03,-1.036009544144328443e-02,-2.133994032524295491e-03,-1.125916479087230200e-02,4.786988927868904287e-02,1.184135784932586893e-01,1.055720967117710794e-03,5.409364537375469656e-02,3.893238057258822937e-02,2.055500957902636414e-02,0.000000000000000000e+00,-8.422569742398480774e-03,-6.776489621289567659e-03,1.828237614108683268e-02,3.245539064933788270e-02,6.728398259303115803e-02,-3.591793895431285352e-03,4.410163451775433313e-02,1.551459546819623087e-02
4.224060966337830902e-02,5.109298304589823120e-02,4.622809079109965746e-02,3.823882160526330311e-03,3.688481593445205875e-02,1.025880038086460638e-01,4.211423091250326295e-02,9.263634154043953739e-02,1.077313142699655307e-01,4.961741954722939663e-02,-8.422569742398480774e-03,0.000000000000000000e+00,3.298360942747672470e-02,9.970502427973322590e-02,1.757724573075406527e-01,4.171647097127526298e-04,3.165357599283499801e-02,1.009939580815059391e-02,2.219268233222622747e-02
8.368735844467188600e-02,-5.941853947874542290e-03,1.015438633146765884e-01,-4.371821347561308420e-03,7.182347040146939976e-02,1.341562729963684253e-01,6.596357496193467999e-03,1.551240166825805233e-01,2.398556267258646069e-02,6.147052914855250655e-03,-6.776489621289567659e-03,3.298360942747672470e-02,0.000000000000000000e+00,7.298007854262519682e-03,7.807149868266882731e-02,3.811834526907322690e-02,3.828798300686896833e-02,3.934138406870612420e-02,1.746009079424827928e-02
9.367698135066899329e-03,1.390791780023430124e-02,4.499328597159104465e-02,5.776525888956008520e-02,-7.846700625643352953e-03,-1.929991708434658634e-03,2.549885143519854680e-02,1.758722969426914154e-02,6.106284010813981672e-02,1.682976543456752086e-02,1.828237614108683268e-02,9.970502427973322590e-02,7.298007854262519682e-03,0.000000000000000000e+00,1.029743076279606567e-01,1.518446872234564989e-02,1.357529573982564630e-01,7.251463639584590677e-03,-1.010824063320151824e-02
4.770631664314371051e-02,1.104209732317838061e-01,1.389585264100950089e-02,1.375700466316168991e-01,1.937470673191346304e-01,-4.825027921808846230e-03,2.089589937525808683e-01,-5.351003897559565743e-03,1.069199234896471389e-02,-6.543017601050999700e-03,3.245539064933788270e-02,1.757724573075406527e-01,7.807149868266882731e-02,1.029743076279606567e-01,0.000000000000000000e+00,-4.225510389655642851e-03,3.335121974373240344e-02,8.478225802674089345e-03,4.976732616193182274e-02
3.676859062884663826e-02,4.250013778885394083e-03,9.783226975350200680e-03,7.783842068919592273e-03,5.384263880296007989e-04,1.343581674422339445e-01,-1.070492971539861726e-02,1.942385275715615700e-01,-1.504500665574003658e-02,1.781336285983722986e-04,6.728398259303115803e-02,4.171647097127526298e-04,3.811834526907322690e-02,1.518446872234564989e-02,-4.225510389655642851e-03,0.000000000000000000e+00,-1.078747718620092812e-02,1.706140024233481975e-02,5.933941949193236726e-02
1.352900693203749026e-02,-8.698821627336969509e-03,3.371278140133294413e-03,2.862951838465664298e-02,3.813797997291593772e-02,8.186111448999176799e-05,5.366461645589257201e-02,-5.812489416102833290e-03,-1.430478884998023217e-03,5.743019863416164335e-03,-3.591793895431285352e-03,3.165357599283499801e-02,3.828798300686896833e-02,1.357529573982564630e-01,3.335121974373240344e-02,-1.078747718620092812e-02,0.000000000000000000e+00,1.066942886157809384e-01,3.749540804048227122e-02
8.738742454452020150e-03,1.730995399351473868e-02,2.522617202495207323e-02,7.921797364607914560e-02,6.103667513886173318e-03,1.098916686720264289e-02,2.589482244335407639e-04,1.078039699645818965e-02,3.938940861486305185e-03,1.008511646825316008e-02,4.410163451775433313e-02,1.009939580815059391e-02,3.934138406870612420e-02,7.251463639584590677e-03,8.478225802674089345e-03,1.706140024233481975e-02,1.066942886157809384e-01,0.000000000000000000e+00,3.036874769418218892e-02
-8.207466240967390206e-03,1.270308312035794973e-02,8.785542039787730753e-03,1.350228764766040097e-02,3.393100049647217870e-02,3.674962238329709807e-02,-6.490006228612548583e-03,3.723115069117311632e-02,5.034387288081518252e-02,2.030589684888605209e-02,1.551459546819623087e-02,2.219268233222622747e-02,1.746009079424827928e-02,-1.010824063320151824e-02,4.976732616193182274e-02,5.933941949193236726e-02,3.749540804048227122e-02,3.036874769418218892e-02,0.000000000000000000e+00
