0.000000000000000000e+00,7.564870579395321926e-02,6.788927866396256977e-03,4.815667800906564544e-02,6.054041640926686313e-03,1.105319864793401176e-03,-6.440880020804832205e-03,1.111887995589762096e-03,5.365770503455025153e-02,-5.901951827367521615e-03,6.933243866843159797e-02,7.928156683935065271e-03,8.817468988864728130e-02,1.589179908743205624e-02,3.966482635951795906e-03,-1.100236234429586733e-03,6.100181938287422417e-02,-9.046461542539172007e-03,-1.655389620136965166e-03
7.564870579395321926e-02,0.000000000000000000e+00,-9.441307654343195424e-03,1.138410774172580187e-01,2.789358852378018023e-03,-3.496150200198080288e-03,5.542802133675019810e-02,-1.589486410942699338e-02,-8.016626014244356132e-04,1.192148162162489505e-02,8.192454194262548117e-02,-6.737037576751874098e-03,2.829998224887315950e-02,9.463148976441819113e-03,4.237551057655360859e-02,2.597850757351430773e-03,5.709273022437753170e-02,2.295484226407079609e-02,-2.291912014138012058e-03
6.788927866396256977e-03,-9.441307654343195424e-03,0.000000000000000000e+00,2.178130196107159067e-03,2.194302056067122531e-02,1.506683923186734157e-02,-1.275284036967056119e-02,-9.548757718826329788e-03,-3.153421850569681963e-03,7.916910156969917192e-03,1.651107886345045683e-01,1.759888893871229890e-02,1.982503562635943017e-01,1.086142672410465998e-01,1.132801855773530041e-04,8.597666827664375566e-02,-1.221543193149303430e-02,2.633928132101774275e-02,-1.482889730699274607e-02
4.815667800906564544e-02,1.138410774172580187e-01,2.178130196107159067e-03,0.000000000000000000e+00,6.920198080873721800e-04,2.626858397737346848e-02,5.215059153925203500e-02,-3.636057950944582891e-03,-3.257618769830708939e-04,1.039817590276588682e-01,6.704501143596568180e-02,3.741005196549877787e-02,2.731823018940473732e-02,3.848658411123107720e-02,5.680430405572253066e-02,3.309008290875382202e-02,1.780484783345169866e-02,1.048528790382345366e-01,4.671430436106083217e-02
6.054041640926686313e-03,2.789358852378018023e-03,2.194302056067122531e-02,6.920198080873721800e-04,0.000000000000000000e+00,-1.065848581569326693e-02,2.374959096293952467e-04,-7.587731653502519796e-03,4.675080725371831038e-03,-1.331498807111204663e-02,-6.786413646386540467e-03,4.683409664938392031e-03,4.542268512924273888e-02,2.054795185725917864e-02,4.140591061205870643e-02,2.414347236494979176e-02,1.772926967614434773e-02,1.946010341503390251e-02,3.792948590993316330e-03
1.105319864793401176e-03,-3.496150200198080288e-03,1.506683923186734157e-02,2.626858397737346848e-02,-1.065848581569326693e-02,0.000000000000000000e+00,4.768528453237361880e-02,6.817253637605186212e-03,5.081848477611171887e-03,3.001261116455988462e-02,-1.184245728747510690e-02,3.428937408273634302e-02,2.446919742840134027e-02,5.136631450920994130e-02,1.728725131749328514e-02,-9.544687837728655158e-03,3.494319835250284806e-02,2.788485518639703935e-03,4.984635960068140026e-02
-6.440880020804832205e-03,5.542802133675019810e-02,-1.275284036967056119e-02,5.215059153925203500e-02,2.374959096293952467e-04,4.768528453237361880e-02,0.000000000000000000e+00,3.504890697665147530e-03,7.582458851004614253e-02,4.400621148094280982e-02,1.890747379202594933e-02,4.016443251398026104e-02,4.954925474238932627e-03,-4.454083545731087231e-03,2.440086863377462570e-02,3.757009251499451429e-03,1.751401290699606617e-03,7.530403682732784987e-03,-3.823736071843866682e-03
1.111887995589762096e-03,-1.589486410942699338e-02,-9.548757718826329788e-03,-3.636057950944582891e-03,-7.587731653502519796e-03,6.817253637605186212e-03,3.504890697665147530e-03,0.000000000000000000e+00,7.680036500756060036e-02,3.451312779565742644e-02,7.213262138681067297e-03,2.138756163530624102e-02,5.012832372136326146e-03,1.290063319038603218e-01,-1.819624652668634516e-04,9.614750953819296148e-04,-1.555003147888434252e-03,-9.765554876912592094e-03,4.841405090324363281e-02
5.365770503455025153e-02,-8.016626014244356132e-04,-3.153421850569681963e-03,-3.257618769830708939e-04,4.675080725371831038e-03,5.081848477611171887e-03,7.582458851004614253e-02,7.680036500756060036e-02,0.000000000000000000e+00,1.723990095848031423e-01,2.390168917939357873e-01,3.215332753946328979e-03,5.806461663564158743e-02,4.589565827850761864e-02,-3.962143790095838149e-03,4.470381214818432841e-02,1.013149425731350167e-02,5.481608391791534252e-02,9.039494635554183588e-02
-5.901951827367521615e-03,1.192148162162489505e-02,7.916910156969917192e-03,1.039817590276588682e-01,-1.331498807111204663e-02,3.001261116455988462e-02,4.400621148094280982e-02,3.451312779565742644e-02,1.723990095848031423e-01,0.000000000000000000e+00,2.107138709017853107e-01,7.313226202625614132e-03,8.168555410830834196e-02,3.772966775213044965e-02,1.237605438048314244e-02,5.387788447674903697e-02,2.784885867572532356e-02,6.451301329805243789e-02,6.284124112263488743e-03
6.933243866843159797e-02,8.192454194262548117e-02,1.651107886345045683e-01,6.704501143596568180e-02,-6.786413646386540467e-03,-1.184245728747510690e-02,1.890747379202594933e-02,7.213262138681067297e-03,2.390168917939357873e-01,2.107138709017853107e-01,0.000000000000000000e+00,7.957052652619459043e-02,8.236564336381212636e-04,1.254671397199088601e-01,6.755210452309229341e-02,3.102677445346381166e-02,4.826368696632698380e-02,-8.379487905758544256e-03,4.564897463250845028e-02
7.928156683935065271e-03,-6.737037576751874098e-03,1.759888893871229890e-02,3.741005196549877787e-02,4.683409664938392031e-03,3.428937408273634302e-02,4.016443251398026104e-02,2.138756163530624102e-02,3.215332753946328979e-03,7.313226202625614132e-03,7.957052652619459043e-02,0.000000000000000000e+00,1.259907517976647205e-02,-1.376141411299653533e-02,1.007385115277942798e-02,-6.189082055676795036e-03,3.007673434786514721e-03,4.613182221576780234e-02,5.586402434601311223e-02
8.817468988864728130e-02,2.829998224887315950e-02,1.982503562635943017e-01,2.731823018940473732e-02,4.542268512924273888e-02,2.446919742840134027e-02,4.954925474238932627e-03,5.012832372136326146e-03,5.806461663564158743e-02,8.168555410830834196e-02,8.236564336381212636e-04,1.259907517976647205e-02,0.000000000000000000e+00,1.363943085141455791e-02,-7.256654166737851359e-03,7.014157692712005843e-02,9.309228471115450765e-02,2.754972178461165266e-02,5.417107214756633482e-03
1.589179908743205624e-02,9.463148976441819113e-03,1.086142672410465998e-01,3.848658411123107720e-02,2.054795185725917864e-02,5.136631450920994130e-02,-4.454083545731087231e-03,1.290063319038603218e-01,4.589565827850761864e-02,3.772966775213044965e-02,1.254671397199088601e-01,-1.376141411299653533e-02,1.363943085141455791e-02,0.000000000000000000e+00,-1.250890956387711028e-02,8.364538915347319303e-02,-7.332619234223214898e-03,1.051701565313625623e-02,9.403968731880110732e-03
3.966482635951795906e-03,4.237551057655360859e-02,1.132801855773530041e-04,5.680430405572253066e-02,4.140591061205870643e-02,1.728725131749328514e-02,2.440086863377462570e-02,-1.819624652668634516e-04,-3.962143790095838149e-03,1.237605438048314244e-02,6.755210452309229341e-02,1.007385115277942798e-02,-7.256654166737851359e-03,-1.250890956387711028e-02,0.000000000000000000e+00,-7.043404480925358202e-03,7.180530493890258624e-03,1.636381479603988762e-02,-5.930412836715148045e-03
-1.100236234429586733e-03,2.597850757351430773e-03,8.597666827664375566e-02,3.309008290875382202e-02,2.414347236494979176e-02,-9.544687837728655158e-03,3.757009251499451429e-03,9.614750953819296148e-04,4.470381214818432841e-02,5.387788447674903697e-02,3.102677445346381166e-02,-6.189082055676795036e-03,7.014157692712005843e-02,8.364538915347319303e-02,-7.043404480925358202e-03,0.000000000000000000e+00,3.621631115754641445e-02,3.863524629724784248e-02,-1.089324136310489653e-02
6.100181938287422417e-02,5.709273022437753170e-02,-1.221543193149303430e-02,1.780484783345169866e-02,1.772926967614434773e-02,3.494319835250284806e-02,1.751401290699606617e-03,-1.555003147888434252e-03,1.013149425731350167e-02,2.784885867572532356e-02,4.826368696632698380e-02,3.007673434786514721e-03,9.309228471115450765e-02,-7.332619234223214898e-03,7.180530493890258624e-03,3.621631115754641445e-02,0.000000000000000000e+00,1.562330115776457418e-01,4.263804911953806252e-03
-9.046461542539172007e-03,2.295484226407079609e-02,2.633928132101774275e-02,1.048528790382345366e-01,1.946010341503390251e-02,2.788485518639703935e-03,7.530403682732784987e-03,-9.765554876912592094e-03,5.481608391791534252e-02,6.451301329805243789e-02,-8.379487905758544256e-03,4.613182221576780234e-02,2.754972178461165266e-02,1.051701565313625623e-02,1.636381479603988762e-02,3.863524629724784248e-02,1.562330115776457418e-01,0.000000000000000000e+00,-1.159926955546617712e-02
-1.655389620136965166e-03,-2.291912014138012058e-03,-1.482889730699274607e-02,4.671430436106083217e-02,3.792948590993316330e-03,4.984635960068140026e-02,-3.823736071843866682e-03,4.841405090324363281e-02,9.039494635554183588e-02,6.284124112263488743e-03,4.564897463250845028e-02,5.586402434601311223e-02,5.417107214756633482e-03,9.403968731880110732e-03,-5.930412836715148045e-03,-1.089324136310489653e-02,4.263804911953806252e-03,-1.159926955546617712e-02,0.000000000000000000e+00
