0.000000000000000000e+00,2.685019278953014801e-02,9.413337453586062553e-02,1.519909220064016506e-02,2.657121240564068454e-02,6.500754457172261414e-02,2.485405383393402279e-01,1.269252842587172136e-01,1.017480846384227061e-01,3.066280374257745328e-02,1.219304413318970104e-01,8.348116244138085659e-03,1.699252961567836451e-01,2.334642499201143237e-02,2.751645580598220397e-01,9.615544853470320286e-02,1.266819848578446539e-01,1.049434129597501125e-01,5.549846121709457736e-02
2.685019278953014801e-02,0.000000000000000000e+00,6.610575268684326655e-02,1.724996775077058953e-02,1.773833087969287070e-02,3.009552486017095380e-02,5.368388537912444775e-02,5.492682396164293157e-02,6.691806159667997023e-02,2.097415145259842045e-02,1.925947282219866649e-02,5.547552196176203099e-02,6.864835013379355644e-02,2.208223857941641124e-02,8.111631896333816594e-02,1.736221528285605484e-02,1.756561499894081502e-01,5.420758704078987300e-02,4.024978921335579246e-02
9.413337453586062553e-02,6.610575268684326655e-02,0.000000000000000000e+00,2.160478822669668897e-02,1.127258224936685503e-02,4.761632640021112167e-02,1.955721585612925362e-01,1.171274352262761803e-01,4.698944828995565981e-02,7.961425884270849351e-02,1.511021608004880779e-01,2.960844574091415007e-02,1.467821878002415759e-01,2.772264731347910682e-02,2.298066758845243029e-01,1.552014802916377445e-01,1.665930116731727251e-02,1.349578142247317425e-01,5.238669633234709078e-02
1.519909220064016506e-02,1.724996775077058953e-02,2.160478822669668897e-02,0.000000000000000000e+00,1.162536926249492508e-02,2.421612467242974590e-02,2.536612970256443139e-02,2.164716863585695178e-02,2.348934581316817691e-02,1.217894658240584876e-02,1.746573840869181105e-02,3.569023447905285418e-02,2.685203226827756820e-02,3.450023416967513273e-02,3.435671302638202557e-02,3.339036573174979095e-02,3.359512675236440288e-02,1.857474044531243901e-02,1.501687930957747164e-02
2.657121240564068454e-02,1.773833087969287070e-02,1.127258224936685503e-02,1.162536926249492508e-02,0.000000000000000000e+00,1.669173470255371980e-02,1.137021085840145690e-01,1.396602615429414287e-02,7.646628416974698972e-02,3.229081495938047885e-02,2.013606998308637569e-02,1.442826746591081323e-02,2.015612351749273418e-02,5.534490856072392384e-02,7.044361634187862320e-02,3.324210914716686088e-02,2.676439319331595443e-02,1.250169183713885010e-02,2.725286223048758311e-02
6.500754457172261414e-02,3.009552486017095380e-02,4.761632640021112167e-02,2.421612467242974590e-02,1.669173470255371980e-02,0.000000000000000000e+00,1.125839461713899342e-01,1.945822286402532075e-02,1.428712630496765390e-01,6.582112428251758740e-02,6.341803843596359458e-02,3.229996139346285461e-02,2.507667597377336022e-02,4.824158137740774954e-02,9.852495864930724268e-02,6.161577903709267862e-02,6.128439109947454028e-02,6.225523239507600552e-03,2.137441206691075013e-02
2.485405383393402279e-01,5.368388537912444775e-02,1.955721585612925362e-01,2.536612970256443139e-02,1.137021085840145690e-01,1.125839461713899342e-01,0.000000000000000000e+00,7.093234272833673359e-02,9.849968823115554106e-02,7.998802760507067733e-02,1.507098366038630566e-01,2.055839197665617832e-02,7.492360137161890865e-02,2.968440340942977984e-02,8.370701110174248727e-02,1.607208792133806852e-01,1.085590234552550187e-01,5.903531578900465815e-02,4.053059244360156937e-02
1.269252842587172136e-01,5.492682396164293157e-02,1.171274352262761803e-01,2.164716863585695178e-02,1.396602615429414287e-02,1.945822286402532075e-02,7.093234272833673359e-02,0.000000000000000000e+00,1.255522084652528070e-01,9.754377657435299442e-02,1.356384593558039586e-01,4.029802121193794273e-02,1.984853767643057071e-02,5.031169842891988764e-02,5.686246526858235173e-02,4.737850921548895922e-02,9.206367685621941188e-02,5.028904738076622749e-02,4.046490102116268028e-02
1.017480846384227061e-01,6.691806159667997023e-02,4.698944828995565981e-02,2.348934581316817691e-02,7.646628416974698972e-02,1.428712630496765390e-01,9.849968823115554106e-02,1.255522084652528070e-01,0.000000000000000000e+00,1.662648357052732839e-01,1.589150081930682801e-01,2.368647092451455285e-02,1.262497908524305712e-01,3.628334945193330968e-02,1.387078090746047265e-01,2.993485630065402178e-02,1.596139661207460203e-02,1.055648315860941572e-01,8.061082207143943634e-02
3.066280374257745328e-02,2.097415145259842045e-02,7.961425884270849351e-02,1.217894658240584876e-02,3.229081495938047885e-02,6.582112428251758740e-02,7.998802760507067733e-02,9.754377657435299442e-02,1.662648357052732839e-01,0.000000000000000000e+00,4.852921521121628112e-02,2.362333203232550721e-02,2.000479875370456961e-01,2.697575995235719851e-02,1.320520791565383545e-01,6.138526694013458213e-02,1.121647145928754280e-01,8.968982691566877719e-02,8.284448931170623753e-02
1.219304413318970104e-01,1.925947282219866649e-02,1.511021608004880779e-01,1.746573840869181105e-02,2.013606998308637569e-02,6.341803843596359458e-02,1.507098366038630566e-01,1.356384593558039586e-01,1.589150081930682801e-01,4.852921521121628112e-02,0.000000000000000000e+00,2.845302084958255956e-02,1.706352976209943861e-01,4.893542217689997309e-02,2.068481306776440432e-01,9.287532098753700782e-02,1.428284646750701548e-01,1.145583403597049271e-01,6.054207060261356660e-02
8.348116244138085659e-03,5.547552196176203099e-02,2.960844574091415007e-02,3.569023447905285418e-02,1.442826746591081323e-02,3.229996139346285461e-02,2.055839197665617832e-02,4.029802121193794273e-02,2.368647092451455285e-02,2.362333203232550721e-02,2.845302084958255956e-02,0.000000000000000000e+00,4.806464898087225296e-02,3.062571913341370633e-02,4.135430185133569941e-02,1.905947239014524341e-02,3.991790097075669647e-02,3.718974032782149108e-02,2.215785467662377897e-02
1.699252961567836451e-01,6.864835013379355644e-02,1.467821878002415759e-01,2.685203226827756820e-02,2.015612351749273418e-02,2.507667597377336022e-02,7.492360137161890865e-02,1.984853767643057071e-02,1.262497908524305712e-01,2.000479875370456961e-01,1.706352976209943861e-01,4.806464898087225296e-02,0.000000000000000000e+00,6.937896368554131998e-02,5.824326042086473698e-02,1.268171587198486383e-01,1.498975219441183171e-01,1.662524714232528622e-02,1.365009309926678432e-02
2.334642499201143237e-02,2.208223857941641124e-02,2.772264731347910682e-02,3.450023416967513273e-02,5.534490856072392384e-02,4.824158137740774954e-02,2.968440340942977984e-02,5.031169842891988764e-02,3.628334945193330968e-02,2.697575995235719851e-02,4.893542217689997309e-02,3.062571913341370633e-02,6.937896368554131998e-02,0.000000000000000000e+00,7.710710261694300738e-03,2.766883596976049686e-02,2.052192617283691081e-02,6.251481342596618140e-02,8.732909755013876230e-02
2.751645580598220397e-01,8.111631896333816594e-02,2.298066758845243029e-01,3.435671302638202557e-02,7.044361634187862320e-02,9.852495864930724268e-02,8.370701110174248727e-02,5.686246526858235173e-02,1.387078090746047265e-01,1.320520791565383545e-01,2.068481306776440432e-01,4.135430185133569941e-02,5.824326042086473698e-02,7.710710261694300738e-03,0.000000000000000000e+00,1.586681677701331505e-01,1.657267620583205425e-01,6.099123264109368447e-02,3.524448863752199096e-02
9.615544853470320286e-02,1.736221528285605484e-02,1.552014802916377445e-01,3.339036573174979095e-02,3.324210914716686088e-02,6.161577903709267862e-02,1.607208792133806852e-01,4.737850921548895922e-02,2.993485630065402178e-02,6.138526694013458213e-02,9.287532098753700782e-02,1.905947239014524341e-02,1.268171587198486383e-01,2.766883596976049686e-02,1.586681677701331505e-01,0.000000000000000000e+00,7.957937277991593283e-02,5.781991761250301898e-02,8.461582604247533390e-02
1.266819848578446539e-01,1.756561499894081502e-01,1.665930116731727251e-02,3.359512675236440288e-02,2.676439319331595443e-02,6.128439109947454028e-02,1.085590234552550187e-01,9.206367685621941188e-02,1.596139661207460203e-02,1.121647145928754280e-01,1.428284646750701548e-01,3.991790097075669647e-02,1.498975219441183171e-01,2.052192617283691081e-02,1.657267620583205425e-01,7.957937277991593283e-02,0.000000000000000000e+00,1.024427772821445565e-01,5.976283620336171609e-02
1.049434129597501125e-01,5.420758704078987300e-02,1.349578142247317425e-01,1.857474044531243901e-02,1.250169183713885010e-02,6.225523239507600552e-03,5.903531578900465815e-02,5.028904738076622749e-02,1.055648315860941572e-01,8.968982691566877719e-02,1.145583403597049271e-01,3.718974032782149108e-02,1.662524714232528622e-02,6.251481342596618140e-02,6.099123264109368447e-02,5.781991761250301898e-02,1.024427772821445565e-01,0.000000000000000000e+00,1.693577104457270888e-02
5.549846121709457736e-02,4.024978921335579246e-02,5.238669633234709078e-02,1.501687930957747164e-02,2.725286223048758311e-02,2.137441206691075013e-02,4.053059244360156937e-02,4.046490102116268028e-02,8.061082207143943634e-02,8.284448931170623753e-02,6.054207060261356660e-02,2.215785467662377897e-02,1.365009309926678432e-02,8.732909755013876230e-02,3.524448863752199096e-02,8.461582604247533390e-02,5.976283620336171609e-02,1.693577104457270888e-02,0.000000000000000000e+00
