0.000000000000000000e+00,2.426754161685219235e-01,7.176227304755520287e-01,5.645194127370211090e-01,8.012189435954582273e-02,6.852775862668095130e-02,3.340313694559511881e-01,2.495862666870628799e-01,3.155905364386699108e-01,2.948476551752468033e-01,3.259735004616491350e-01,2.765559914864125779e-01,1.944309996526359108e-01,3.275886249624883617e-01,4.029930481320132540e-01,1.605733947899130321e-01,6.255265724520514548e-01,6.011987639299206515e-02,4.448339951261499059e-01
2.426754161685219235e-01,0.000000000000000000e+00,4.910981633049028017e-01,7.200307110587166326e-01,1.278309057388776239e-02,-9.124091336839971686e-03,3.020524030957786876e-01,1.814244510017309631e-01,2.650768170860485773e-01,2.845699000460433781e-01,-1.547096129110278086e-02,4.180480768731272279e-01,2.386037999642051377e-01,3.159241504736256534e-01,3.647888814249317657e-01,2.218533712414313130e-01,6.711923696497007485e-01,5.907688516654986503e-03,1.933593156926296797e-01
7.176227304755520287e-01,4.910981633049028017e-01,0.000000000000000000e+00,2.516523276122881181e-02,3.563302782707231109e-01,7.802635716812848787e-02,2.068785296837336585e-01,-1.665581252031442597e-02,7.806194242727690184e-03,-5.491977150677896692e-03,2.072893376205297289e-01,-2.234281936666905784e-03,7.235003780468408918e-03,2.008871637866088689e-02,1.273119975157830652e-01,1.574313466002679948e-02,3.988363757842661173e-02,3.514916129763920871e-01,-7.188254646346727700e-03
5.645194127370211090e-01,7.200307110587166326e-01,2.516523276122881181e-02,0.000000000000000000e+00,2.207397333913133641e-01,9.041494826829254983e-02,3.072451480240512636e-03,-1.547083728484604549e-02,1.130291094663021800e-02,3.543990804385758336e-02,2.030222076257484076e-01,2.846506350482817804e-02,-2.088706428676646507e-02,1.181848458049877260e-01,-7.467593467084886194e-03,1.253121358811777608e-02,-1.379050812041758035e-02,3.614550479856864507e-01,3.255381023775175131e-02
8.012189435954582273e-02,1.278309057388776239e-02,3.563302782707231109e-01,2.207397333913133641e-01,0.000000000000000000e+00,-3.187254821530330351e-03,-2.352068549626529573e-02,-1.544241208698331203e-02,1.040731529572814368e-01,1.882115012009365554e-02,-3.168996530204892022e-03,-1.883681174930884605e-02,1.408391826553616888e-01,3.071585965076785718e-01,1.783268397656576909e-01,1.267004430898507616e-01,3.554438700842904031e-01,1.157911937945942972e-02,1.493393981482058581e-03
6.852775862668095130e-02,-9.124091336839971686e-03,7.802635716812848787e-02,9.041494826829254983e-02,-3.187254821530330351e-03,0.000000000000000000e+00,2.566028388540642080e-02,-1.132899316879603692e-02,5.103933415273822355e-02,8.343585053234672463e-03,1.281345726302712611e-04,2.888844513394901378e-02,-2.538009760120517235e-03,-1.742693351274507071e-02,1.314861930094701481e-01,7.583007238307894367e-03,7.770460199315198935e-02,2.355388453267159843e-02,-9.837596400048850484e-03
3.340313694559511881e-01,3.020524030957786876e-01,2.068785296837336585e-01,3.072451480240512636e-03,-2.352068549626529573e-02,2.566028388540642080e-02,0.000000000000000000e+00,9.827000162714415177e-02,7.853099306413480196e-02,8.941266815890562547e-02,2.640628840120861076e-01,3.438254094780889263e-03,-3.354176624996393994e-03,2.865996852290161184e-04,6.343147823748966629e-02,6.904280861646018563e-02,1.925449981830760007e-02,-7.638313977772377694e-04,8.179025411050096228e-02
2.495862666870628799e-01,1.814244510017309631e-01,-1.665581252031442597e-02,-1.547083728484604549e-02,-1.544241208698331203e-02,-1.132899316879603692e-02,9.827000162714415177e-02,0.000000000000000000e+00,-9.887195208245469144e-03,-1.415041106012248327e-02,5.526683409775679651e-02,1.230572543508643129e-03,-8.947267880500988160e-03,3.672004776723376829e-02,-8.903504445039152684e-03,1.537727446995962310e-01,-1.887126228229257449e-02,2.900875954649201078e-03,6.910528539562942052e-02
3.155905364386699108e-01,2.650768170860485773e-01,7.806194242727690184e-03,1.130291094663021800e-02,1.040731529572814368e-01,5.103933415273822355e-02,7.853099306413480196e-02,-9.887195208245469144e-03,0.000000000000000000e+00,1.005483213732791953e-01,1.213717052950873260e-01,-9.106540760401701448e-03,-4.732182509103660846e-03,4.873697434596803608e-03,7.295708374173817679e-02,3.342981916348400362e-02,3.632587919655553416e-02,1.424130980027820403e-01,2.666140640527439251e-02
2.948476551752468033e-01,2.845699000460433781e-01,-5.491977150677896692e-03,3.543990804385758336e-02,1.882115012009365554e-02,8.343585053234672463e-03,8.941266815890562547e-02,-1.415041106012248327e-02,1.005483213732791953e-01,0.000000000000000000e+00,1.053548509050831611e-01,6.610205396983748032e-03,6.000259010966269013e-02,4.571458475617987301e-03,2.920219092136373817e-02,9.399029661246909029e-02,8.883184726074970505e-02,2.874583351260008926e-02,6.609449400358491378e-02
3.259735004616491350e-01,-1.547096129110278086e-02,2.072893376205297289e-01,2.030222076257484076e-01,-3.168996530204892022e-03,1.281345726302712611e-04,2.640628840120861076e-01,5.526683409775679651e-02,1.213717052950873260e-01,1.053548509050831611e-01,0.000000000000000000e+00,1.947233018146361516e-01,1.233188635311520398e-02,1.569311132088080027e-02,1.816416663442200763e-01,1.880712751371904287e-02,2.075109733163317538e-01,1.871049175497557435e-02,1.583092508180343472e-01
2.765559914864125779e-01,4.180480768731272279e-01,-2.234281936666905784e-03,2.846506350482817804e-02,-1.883681174930884605e-02,2.888844513394901378e-02,3.438254094780889263e-03,1.230572543508643129e-03,-9.106540760401701448e-03,6.610205396983748032e-03,1.947233018146361516e-01,0.000000000000000000e+00,-8.959883741308309960e-03,4.806476783979576201e-03,-1.328501466452349823e-02,-1.272910675539674040e-02,2.869033363298687314e-02,1.124332845873075998e-01,1.748390634874444002e-02
1.944309996526359108e-01,2.386037999642051377e-01,7.235003780468408918e-03,-2.088706428676646507e-02,1.408391826553616888e-01,-2.538009760120517235e-03,-3.354176624996393994e-03,-8.947267880500988160e-03,-4.732182509103660846e-03,6.000259010966269013e-02,1.233188635311520398e-02,-8.959883741308309960e-03,0.000000000000000000e+00,8.331873129630701369e-02,-1.414517668758300374e-03,5.771588917467249114e-03,-8.827157074012353943e-03,1.701395854019462917e-01,-2.258072759033965312e-03
3.275886249624883617e-01,3.159241504736256534e-01,2.008871637866088689e-02,1.181848458049877260e-01,3.071585965076785718e-01,-1.742693351274507071e-02,2.865996852290161184e-04,3.672004776723376829e-02,4.873697434596803608e-03,4.571458475617987301e-03,1.569311132088080027e-02,4.806476783979576201e-03,8.331873129630701369e-02,0.000000000000000000e+00,-1.098190409846834525e-02,1.454352688231895507e-02,1.342805945233228326e-01,1.837933539042923281e-01,1.870081515585135870e-02
4.029930481320132540e-01,3.647888814249317657e-01,1.273119975157830652e-01,-7.467593467084886194e-03,1.783268397656576909e-01,1.314861930094701481e-01,6.343147823748966629e-02,-8.903504445039152684e-03,7.295708374173817679e-02,2.920219092136373817e-02,1.816416663442200763e-01,-1.328501466452349823e-02,-1.414517668758300374e-03,-1.098190409846834525e-02,0.000000000000000000e+00,3.036324912769300648e-03,-1.245669514480217399e-02,3.298401980609026451e-01,-7.127157079025868598e-03
1.605733947899130321e-01,2.218533712414313130e-01,1.574313466002679948e-02,1.253121358811777608e-02,1.267004430898507616e-01,7.583007238307894367e-03,6.904280861646018563e-02,1.537727446995962310e-01,3.342981916348400362e-02,9.399029661246909029e-02,1.880712751371904287e-02,-1.272910675539674040e-02,5.771588917467249114e-03,1.454352688231895507e-02,3.036324912769300648e-03,0.000000000000000000e+00,8.272405153156641919e-03,1.809670989865446999e-01,4.959104865935206469e-02
6.255265724520514548e-01,6.711923696497007485e-01,3.988363757842661173e-02,-1.379050812041758035e-02,3.554438700842904031e-01,7.770460199315198935e-02,1.925449981830760007e-02,-1.887126228229257449e-02,3.632587919655553416e-02,8.883184726074970505e-02,2.075109733163317538e-01,2.869033363298687314e-02,-8.827157074012353943e-03,1.342805945233228326e-01,-1.245669514480217399e-02,8.272405153156641919e-03,0.000000000000000000e+00,3.683872305762224131e-01,-7.272723785178908905e-03
6.011987639299206515e-02,5.907688516654986503e-03,3.514916129763920871e-01,3.614550479856864507e-01,1.157911937945942972e-02,2.355388453267159843e-02,-7.638313977772377694e-04,2.900875954649201078e-03,1.424130980027820403e-01,2.874583351260008926e-02,1.871049175497557435e-02,1.124332845873075998e-01,1.701395854019462917e-01,1.837933539042923281e-01,3.298401980609026451e-01,1.809670989865446999e-01,3.683872305762224131e-01,0.000000000000000000e+00,-2.482269463863509551e-02
4.448339951261499059e-01,1.933593156926296797e-01,-7.188254646346727700e-03,3.255381023775175131e-02,1.493393981482058581e-03,-9.837596400048850484e-03,8.179025411050096228e-02,6.910528539562942052e-02,2.666140640527439251e-02,6.609449400358491378e-02,1.583092508180343472e-01,1.748390634874444002e-02,-2.258072759033965312e-03,1.870081515585135870e-02,-7.127157079025868598e-03,4.959104865935206469e-02,-7.272723785178908905e-03,-2.482269463863509551e-02,0.000000000000000000e+00
