0.000000000000000000e+00,-1.787787425621617477e-03,7.560552116797759903e-02,1.284300098754922494e-02,-9.526162923755269671e-03,2.190983283398459294e-03,-1.160806252004135085e-02,-5.364662120840225923e-03,3.536071412556773125e-02,1.635190786056540946e-02,-1.357388699461780507e-02,2.315778719919239434e-02,-1.618017059607157124e-02,3.236473055592804793e-02,3.425499448091828131e-02,1.833363296383382079e-02,1.001828675010897202e-01,-6.578486378598414480e-03,-1.345782707703619373e-02
-1.787787425621617477e-03,0.000000000000000000e+00,7.823587399986170823e-03,-4.185766039082348196e-04,-2.042902653285953371e-02,-1.239520877770480811e-02,-2.011892745804132535e-02,-1.882580851214847931e-02,9.447033661773355379e-03,-8.303902459786146814e-03,-8.358262900850753352e-03,1.341620477529332535e-02,-1.350902289971371746e-02,2.312281692565558086e-02,7.994315562122841431e-03,4.209016872700578789e-03,4.924193406390347909e-03,-2.248988609508555461e-02,-2.163189847449585937e-02
7.560552116797759903e-02,7.823587399986170823e-03,0.000000000000000000e+00,-6.300023844058852407e-03,3.071974107387532085e-02,7.709365398800166642e-03,2.992456890627931410e-02,6.485932794392727622e-03,5.859022601434218241e-02,3.260674077673813426e-02,2.686277911732330367e-02,-5.208522982418940621e-03,-2.222835869114403538e-03,4.071996003591212866e-03,3.142519358431992288e-02,1.541484940056532917e-03,2.545893081187930451e-02,3.929802770545074569e-02,9.168449606526143936e-03
1.284300098754922494e-02,-4.185766039082348196e-04,-6.300023844058852407e-03,0.000000000000000000e+00,-1.867504114014179387e-02,1.306098211142382552e-02,-1.065544071733213333e-02,-1.565173908274564499e-02,7.753157950803498538e-03,-1.096854877572535879e-02,-1.024190887715561472e-02,-1.234144844517698347e-02,-1.600055611922789750e-02,2.014111421533329102e-02,-1.583639587418155317e-03,-7.680494973856290264e-03,-1.886004716073990881e-02,-1.263280234615232235e-02,-1.972805104626610545e-02
-9.526162923755269671e-03,-2.042902653285953371e-02,3.071974107387532085e-02,-1.867504114014179387e-02,0.000000000000000000e+00,-1.555363852870730000e-02,-1.081177974979196689e-02,-1.404596121036333876e-02,4.246295233034932254e-02,2.094782869170878567e-02,-2.124251556045184900e-03,-1.401888303718639393e-02,-1.933993509014452633e-02,1.968792896578006393e-02,-4.434398358762674935e-03,-1.036904433705852953e-02,-1.969819876941930614e-02,1.066122847270865349e-02,-1.341139911213174059e-02
2.190983283398459294e-03,-1.239520877770480811e-02,7.709365398800166642e-03,1.306098211142382552e-02,-1.555363852870730000e-02,0.000000000000000000e+00,-7.046830555062438307e-03,4.645145353005847473e-03,-1.570271757441436475e-02,-2.374263251435472510e-02,-8.500007035623017085e-03,-1.871571358767274915e-02,-1.137596661649185881e-02,-9.744907777407991198e-04,-1.767305527090998196e-02,-2.495565299557669925e-02,-4.706127155230184662e-03,-2.308423295285872909e-02,2.792665248358397381e-03
-1.160806252004135085e-02,-2.011892745804132535e-02,2.992456890627931410e-02,-1.065544071733213333e-02,-1.081177974979196689e-02,-7.046830555062438307e-03,0.000000000000000000e+00,-1.007573410563337123e-02,1.626777035556449189e-02,1.705795355452739345e-02,-3.636088814950741432e-03,-3.691316715315221594e-03,-7.383552594598235923e-03,1.963771683546473162e-02,-1.730379728540555259e-02,-1.472846114523732042e-02,-1.247212565314150846e-02,2.336208998049156115e-03,-3.364177351404842170e-03
-5.364662120840225923e-03,-1.882580851214847931e-02,6.485932794392727622e-03,-1.565173908274564499e-02,-1.404596121036333876e-02,4.645145353005847473e-03,-1.007573410563337123e-02,0.000000000000000000e+00,-1.280355957459691774e-02,-1.979211386671412762e-02,-1.032292531873629446e-02,-1.631967952880118353e-02,-1.152816507958313343e-02,1.286238518000697856e-02,-1.866202294547194065e-02,-1.897217283900538842e-02,-1.050056702293728113e-02,-2.335066296436426672e-02,-1.882989631097584105e-02
3.536071412556773125e-02,9.447033661773355379e-03,5.859022601434218241e-02,7.753157950803498538e-03,4.246295233034932254e-02,-1.570271757441436475e-02,1.626777035556449189e-02,-1.280355957459691774e-02,0.000000000000000000e+00,-1.278401764460802316e-02,5.201961711800282689e-02,-9.783309641187998978e-03,6.073496580185023391e-02,-1.711677005232498452e-02,5.348326309284045241e-04,-1.751487059282635927e-02,9.264257154027523075e-03,-1.756521305141357445e-02,-7.250272383866913396e-03
1.635190786056540946e-02,-8.303902459786146814e-03,3.260674077673813426e-02,-1.096854877572535879e-02,2.094782869170878567e-02,-2.374263251435472510e-02,1.705795355452739345e-02,-1.979211386671412762e-02,-1.278401764460802316e-02,0.000000000000000000e+00,2.977428431780209175e-02,-2.013618873343273052e-02,3.126547733142406166e-02,-1.899723649451011409e-02,-8.994074093396189559e-03,-2.100362938207062102e-02,-1.177671627143285146e-03,-1.802907958105178995e-02,4.218832486649471206e-03
-1.357388699461780507e-02,-8.358262900850753352e-03,2.686277911732330367e-02,-1.024190887715561472e-02,-2.124251556045184900e-03,-8.500007035623017085e-03,-3.636088814950741432e-03,-1.032292531873629446e-02,5.201961711800282689e-02,2.977428431780209175e-02,0.000000000000000000e+00,6.151065275530915623e-03,-8.801120337963654408e-03,2.178284523460822728e-02,3.611992977641879932e-02,6.305517375154436228e-03,1.965535724045485225e-02,-4.917140059323958472e-03,-1.515998476956728624e-02
2.315778719919239434e-02,1.341620477529332535e-02,-5.208522982418940621e-03,-1.234144844517698347e-02,-1.401888303718639393e-02,-1.871571358767274915e-02,-3.691316715315221594e-03,-1.631967952880118353e-02,-9.783309641187998978e-03,-2.013618873343273052e-02,6.151065275530915623e-03,0.000000000000000000e+00,-8.173967693624063216e-04,2.751650720128582042e-02,-6.188405699292209329e-03,-1.234142534328981460e-02,-2.053446787094426185e-02,-2.499040196978512610e-02,-1.119544052537094041e-02
-1.618017059607157124e-02,-1.350902289971371746e-02,-2.222835869114403538e-03,-1.600055611922789750e-02,-1.933993509014452633e-02,-1.137596661649185881e-02,-7.383552594598235923e-03,-1.152816507958313343e-02,6.073496580185023391e-02,3.126547733142406166e-02,-8.801120337963654408e-03,-8.173967693624063216e-04,0.000000000000000000e+00,2.711760511621106803e-02,3.749665989606735389e-02,-5.123291755579110866e-03,-1.622267119770078037e-02,-1.600542544578317447e-02,-1.910018958410898693e-02
3.236473055592804793e-02,2.312281692565558086e-02,4.071996003591212866e-03,2.014111421533329102e-02,1.968792896578006393e-02,-9.744907777407991198e-04,1.963771683546473162e-02,1.286238518000697856e-02,-1.711677005232498452e-02,-1.899723649451011409e-02,2.178284523460822728e-02,2.751650720128582042e-02,2.711760511621106803e-02,0.000000000000000000e+00,-1.710939148739215598e-02,-1.665568172414252229e-02,9.961247348885804691e-04,2.141634326683265407e-03,2.773965569932887801e-02
3.425499448091828131e-02,7.994315562122841431e-03,3.142519358431992288e-02,-1.583639587418155317e-03,-4.434398358762674935e-03,-1.767305527090998196e-02,-1.730379728540555259e-02,-1.866202294547194065e-02,5.348326309284045241e-04,-8.994074093396189559e-03,3.611992977641879932e-02,-6.188405699292209329e-03,3.749665989606735389e-02,-1.710939148739215598e-02,0.000000000000000000e+00,-1.866015606205585764e-02,-5.738878779739059986e-03,-1.622409070978973397e-02,-1.983287143256651230e-02
1.833363296383382079e-02,4.209016872700578789e-03,1.541484940056532917e-03,-7.680494973856290264e-03,-1.036904433705852953e-02,-2.495565299557669925e-02,-1.472846114523732042e-02,-1.897217283900538842e-02,-1.751487059282635927e-02,-2.100362938207062102e-02,6.305517375154436228e-03,-1.234142534328981460e-02,-5.123291755579110866e-03,-1.665568172414252229e-02,-1.866015606205585764e-02,0.000000000000000000e+00,-1.386911952822708974e-03,-2.209594132464321944e-02,-1.529721590077424975e-02
1.001828675010897202e-01,4.924193406390347909e-03,2.545893081187930451e-02,-1.886004716073990881e-02,-1.969819876941930614e-02,-4.706127155230184662e-03,-1.247212565314150846e-02,-1.050056702293728113e-02,9.264257154027523075e-03,-1.177671627143285146e-03,1.965535724045485225e-02,-2.053446787094426185e-02,-1.622267119770078037e-02,9.961247348885804691e-04,-5.738878779739059986e-03,-1.386911952822708974e-03,0.000000000000000000e+00,1.227041330049537292e-03,-1.030860133813349400e-02
-6.578486378598414480e-03,-2.248988609508555461e-02,3.929802770545074569e-02,-1.263280234615232235e-02,1.066122847270865349e-02,-2.308423295285872909e-02,2.336208998049156115e-03,-2.335066296436426672e-02,-1.756521305141357445e-02,-1.802907958105178995e-02,-4.917140059323958472e-03,-2.499040196978512610e-02,-1.600542544578317447e-02,2.141634326683265407e-03,-1.622409070978973397e-02,-2.209594132464321944e-02,1.227041330049537292e-03,0.000000000000000000e+00,-1.097937675297804005e-02
-1.345782707703619373e-02,-2.163189847449585937e-02,9.168449606526143936e-03,-1.972805104626610545e-02,-1.341139911213174059e-02,2.792665248358397381e-03,-3.364177351404842170e-03,-1.882989631097584105e-02,-7.250272383866913396e-03,4.218832486649471206e-03,-1.515998476956728624e-02,-1.119544052537094041e-02,-1.910018958410898693e-02,2.773965569932887801e-02,-1.983287143256651230e-02,-1.529721590077424975e-02,-1.030860133813349400e-02,-1.097937675297804005e-02,0.000000000000000000e+00
