0.000000000000000000e+00,9.932499238923418738e-02,1.685897238700349021e-01,1.114195772968892412e-01,6.696237437076411891e-02,7.307872587519717751e-03,7.204477910455264755e-02,9.590304343467316583e-02,1.263322295960205288e-01,1.043594773520623437e-01,4.023504962636423321e-02,6.967271563800482570e-03,2.851954336043887456e-02,6.444045143607053661e-02,5.200617999351202919e-02,6.222652897239578512e-02,1.773443130080577801e-01,2.006620399190740117e-02,1.026299063025150060e-01
9.932499238923418738e-02,0.000000000000000000e+00,4.141787671736969073e-02,8.044548406553428399e-02,1.048564179926355366e-01,1.409507746222529549e-02,2.785770572040742812e-02,4.890470704212652314e-02,2.062374913820913189e-02,3.403425727216342206e-02,6.236241425450821801e-02,2.357435125165543641e-02,2.236385454115185495e-02,4.608599761955394641e-02,4.254279047765861799e-02,3.740066235847468862e-02,4.194302596164201785e-02,8.221717646101486809e-02,2.421617430259960166e-02
1.685897238700349021e-01,4.141787671736969073e-02,0.000000000000000000e+00,4.537995164178205282e-02,2.016670235740938844e-01,4.529878860498499221e-02,2.372307889407340720e-02,3.558837636240807373e-02,2.852619530756307989e-02,3.244719405988426980e-02,8.434776010853399508e-02,2.622852337685305929e-02,3.733103521207652847e-02,4.654532607734098576e-02,1.454507786809591287e-02,3.719950655488948876e-02,3.615443570726275396e-02,8.306402440353621852e-02,1.840037193345388580e-02
1.114195772968892412e-01,8.044548406553428399e-02,4.537995164178205282e-02,0.000000000000000000e+00,9.706440772204215361e-02,3.815538476740960167e-02,1.540266911746422142e-02,1.985436422589549003e-03,6.695887801675702578e-02,6.557182430009862728e-02,6.292507390369135589e-02,1.554268447414647834e-02,3.709153437967567524e-02,1.359779150797136432e-02,4.450043003447207851e-02,5.787822844335289291e-02,7.812190186226075639e-02,8.583696220036521329e-02,2.532319710313309102e-02
6.696237437076411891e-02,1.048564179926355366e-01,2.016670235740938844e-01,9.706440772204215361e-02,0.000000000000000000e+00,1.102866492912489699e-01,1.032444542249062736e-01,1.447264034688758860e-01,1.254556619294888709e-01,1.323291160517013898e-01,8.241688526292406669e-02,5.520705837210863887e-03,5.826613201012468407e-02,1.223982940399821889e-01,1.616796715951101387e-02,7.605657946291123628e-02,1.743226295749379096e-01,3.739243115641023574e-02,1.298002636624563666e-01
7.307872587519717751e-03,1.409507746222529549e-02,4.529878860498499221e-02,3.815538476740960167e-02,1.102866492912489699e-01,0.000000000000000000e+00,1.274014430609529853e-02,2.847536481093073529e-02,3.183355146444410977e-02,4.634344383900811104e-02,1.255363827870805728e-02,1.664132381110084921e-02,2.158167729984785885e-02,8.657852871718832444e-02,3.023314804806599004e-02,1.115610328483763146e-02,3.349615486683741455e-02,9.227555596384902359e-02,1.000169967002508854e-02
7.204477910455264755e-02,2.785770572040742812e-02,2.372307889407340720e-02,1.540266911746422142e-02,1.032444542249062736e-01,1.274014430609529853e-02,0.000000000000000000e+00,2.245799934725001973e-02,4.648127999629780155e-02,3.886166103434789826e-02,4.887215546137277378e-02,2.102732177201850974e-02,5.586411037659598511e-02,5.435473145300920295e-02,7.337624434126134403e-03,1.860030633440544132e-02,1.923301156344314061e-02,6.518302986340687721e-02,1.329072395426872735e-02
9.590304343467316583e-02,4.890470704212652314e-02,3.558837636240807373e-02,1.985436422589549003e-03,1.447264034688758860e-01,2.847536481093073529e-02,2.245799934725001973e-02,0.000000000000000000e+00,9.660699522391615057e-02,1.134097209235812170e-01,5.776782102937969704e-02,5.378780987451382833e-02,6.215501633188406927e-02,4.948371726411924382e-02,2.963717815228104208e-02,3.086806245717970548e-02,4.362259578378917951e-02,8.684438252466566976e-02,4.048887668224833425e-02
1.263322295960205288e-01,2.062374913820913189e-02,2.852619530756307989e-02,6.695887801675702578e-02,1.254556619294888709e-01,3.183355146444410977e-02,4.648127999629780155e-02,9.660699522391615057e-02,0.000000000000000000e+00,2.946310093555675955e-02,4.174028038865044976e-02,4.889960664149656244e-02,2.654882611004176496e-02,1.078287928809174290e-01,2.650197326924514166e-02,5.806109791597547504e-02,1.746811480824573409e-02,7.178395768497303209e-02,5.300363179363266897e-02
1.043594773520623437e-01,3.403425727216342206e-02,3.244719405988426980e-02,6.557182430009862728e-02,1.323291160517013898e-01,4.634344383900811104e-02,3.886166103434789826e-02,1.134097209235812170e-01,2.946310093555675955e-02,0.000000000000000000e+00,4.486618959361053649e-02,5.029167935833854519e-02,2.193450427587765802e-02,9.032764538907030183e-02,2.437137371067778918e-02,8.473648889872480161e-02,2.767020980816862000e-02,8.320183510041724573e-02,5.047227294433096617e-02
4.023504962636423321e-02,6.236241425450821801e-02,8.434776010853399508e-02,6.292507390369135589e-02,8.241688526292406669e-02,1.255363827870805728e-02,4.887215546137277378e-02,5.776782102937969704e-02,4.174028038865044976e-02,4.486618959361053649e-02,0.000000000000000000e+00,2.855913326999999502e-02,2.586494677047141907e-02,6.830906839568021138e-02,2.526672731868737087e-02,6.110860893025107238e-02,6.504962829988505946e-02,2.871821441612805795e-02,4.821803461027587140e-02
6.967271563800482570e-03,2.357435125165543641e-02,2.622852337685305929e-02,1.554268447414647834e-02,5.520705837210863887e-03,1.664132381110084921e-02,2.102732177201850974e-02,5.378780987451382833e-02,4.889960664149656244e-02,5.029167935833854519e-02,2.855913326999999502e-02,0.000000000000000000e+00,-1.134118517585741559e-02,6.042134398688590868e-02,3.174500291991758788e-02,3.222116589353596350e-02,1.806468176445334695e-02,9.213358986632246006e-03,2.612103407768848889e-02
2.851954336043887456e-02,2.236385454115185495e-02,3.733103521207652847e-02,3.709153437967567524e-02,5.826613201012468407e-02,2.158167729984785885e-02,5.586411037659598511e-02,6.215501633188406927e-02,2.654882611004176496e-02,2.193450427587765802e-02,2.586494677047141907e-02,-1.134118517585741559e-02,0.000000000000000000e+00,6.321857955253043504e-02,3.604526030134537484e-02,5.705389141064153360e-03,2.444271817904093008e-02,4.192423881118462203e-02,5.850352501876429634e-02
6.444045143607053661e-02,4.608599761955394641e-02,4.654532607734098576e-02,1.359779150797136432e-02,1.223982940399821889e-01,8.657852871718832444e-02,5.435473145300920295e-02,4.948371726411924382e-02,1.078287928809174290e-01,9.032764538907030183e-02,6.830906839568021138e-02,6.042134398688590868e-02,6.321857955253043504e-02,0.000000000000000000e+00,1.699735975607510191e-02,4.723085674008901252e-02,5.997611529257880492e-02,8.894506669189553016e-02,6.907177443226836244e-02
5.200617999351202919e-02,4.254279047765861799e-02,1.454507786809591287e-02,4.450043003447207851e-02,1.616796715951101387e-02,3.023314804806599004e-02,7.337624434126134403e-03,2.963717815228104208e-02,2.650197326924514166e-02,2.437137371067778918e-02,2.526672731868737087e-02,3.174500291991758788e-02,3.604526030134537484e-02,1.699735975607510191e-02,0.000000000000000000e+00,4.315973517893294947e-02,2.360050479377210145e-02,2.826849602183889587e-02,1.782489685630745876e-02
6.222652897239578512e-02,3.740066235847468862e-02,3.719950655488948876e-02,5.787822844335289291e-02,7.605657946291123628e-02,1.115610328483763146e-02,1.860030633440544132e-02,3.086806245717970548e-02,5.806109791597547504e-02,8.473648889872480161e-02,6.110860893025107238e-02,3.222116589353596350e-02,5.705389141064153360e-03,4.723085674008901252e-02,4.315973517893294947e-02,0.000000000000000000e+00,2.459262593928592325e-02,5.619237101293624720e-02,1.805058724460022884e-02
1.773443130080577801e-01,4.194302596164201785e-02,3.615443570726275396e-02,7.812190186226075639e-02,1.743226295749379096e-01,3.349615486683741455e-02,1.923301156344314061e-02,4.362259578378917951e-02,1.746811480824573409e-02,2.767020980816862000e-02,6.504962829988505946e-02,1.806468176445334695e-02,2.444271817904093008e-02,5.997611529257880492e-02,2.360050479377210145e-02,2.459262593928592325e-02,0.000000000000000000e+00,8.593353463795613822e-02,1.270128820499654733e-02
2.006620399190740117e-02,8.221717646101486809e-02,8.306402440353621852e-02,8.583696220036521329e-02,3.739243115641023574e-02,9.227555596384902359e-02,6.518302986340687721e-02,8.684438252466566976e-02,7.178395768497303209e-02,8.320183510041724573e-02,2.871821441612805795e-02,9.213358986632246006e-03,4.192423881118462203e-02,8.894506669189553016e-02,2.826849602183889587e-02,5.619237101293624720e-02,8.593353463795613822e-02,0.000000000000000000e+00,7.902820522096541678e-02
1.026299063025150060e-01,2.421617430259960166e-02,1.840037193345388580e-02,2.532319710313309102e-02,1.298002636624563666e-01,1.000169967002508854e-02,1.329072395426872735e-02,4.048887668224833425e-02,5.300363179363266897e-02,5.047227294433096617e-02,4.821803461027587140e-02,2.612103407768848889e-02,5.850352501876429634e-02,6.907177443226836244e-02,1.782489685630745876e-02,1.805058724460022884e-02,1.270128820499654733e-02,7.902820522096541678e-02,0.000000000000000000e+00
