0.000000000000000000e+00,4.130843519518839074e-02,1.091573777170821158e-01,1.221639712337513860e-02,6.775278643775888010e-02,1.005113568002430346e-01,8.858714765403148672e-02,1.710376001412419189e-01,5.314367420709344841e-02,2.274263631671288588e-01,-1.047441218841507716e-03,6.580878201450963971e-02,1.681430871681890288e-02,4.309230324988644889e-01,1.265027679532966520e-02,4.683365132623845128e-01,3.821922765893468604e-02,-1.408691282677526635e-02,6.896742072102073351e-01
4.130843519518839074e-02,0.000000000000000000e+00,6.840791538660166704e-02,6.450067038422553634e-02,8.353212168994127163e-02,3.259533674356030614e-02,6.750880205507144016e-02,-5.750342448745074386e-03,9.003974952854516822e-02,1.429332587828372747e-01,2.988781236668478988e-02,3.906500848948005200e-02,-9.204336591273872339e-03,2.361921862909089898e-01,2.476134892724953375e-04,4.114101486518504380e-01,1.023300952583547502e-01,-8.675898605546527448e-03,5.661168155128302182e-01
1.091573777170821158e-01,6.840791538660166704e-02,0.000000000000000000e+00,2.268630998237185573e-02,1.947165608539313253e-01,-1.244799753728210133e-02,5.087047557985115848e-02,4.333949884480589598e-01,3.143510672771750170e-02,2.928136545943749725e-01,2.995214270720890359e-02,1.240274218975961906e-01,1.121064566756370812e-01,4.195748355015676556e-01,3.992160335566147938e-02,4.229779215019917049e-01,2.354246907774229861e-03,8.564355544230387376e-03,5.735362203154366068e-01
1.221639712337513860e-02,6.450067038422553634e-02,2.268630998237185573e-02,0.000000000000000000e+00,1.525328609294344939e-01,-9.199002049882250634e-03,7.522715734669256638e-02,-8.443288578248775433e-03,1.407837068450903395e-01,1.613726688666285991e-01,1.361466478312147593e-02,2.351336022091833969e-02,-4.282099202906544146e-03,1.283710412375836663e-01,5.384930391418646205e-03,3.857510689371411172e-01,2.370935895310106664e-02,3.832128068895809120e-02,4.254367820354971186e-01
6.775278643775888010e-02,8.353212168994127163e-02,1.947165608539313253e-01,1.525328609294344939e-01,0.000000000000000000e+00,-1.056255937456342803e-02,8.462506556797687318e-02,5.503012990675381078e-01,-1.015721985516362426e-02,1.073221414241838922e-01,9.986057367411500796e-02,1.813606028910764445e-01,1.585011732353264896e-02,3.344658826961322551e-01,-1.334961029819747846e-02,1.652210612333529505e-01,1.565233926219100902e-01,-1.186840322900375479e-02,3.030405071322961885e-01
1.005113568002430346e-01,3.259533674356030614e-02,-1.244799753728210133e-02,-9.199002049882250634e-03,-1.056255937456342803e-02,0.000000000000000000e+00,4.373656629311242078e-02,2.163820935178755178e-01,9.980959227113628263e-02,1.384783291673795380e-02,3.444077186300405213e-02,8.488508062341254198e-03,5.439498385690333393e-02,1.385849339413082471e-01,-7.268193899009703536e-03,5.480602819357947159e-02,1.503645305034972089e-02,-1.779422512654809177e-02,9.134109946355074838e-02
8.858714765403148672e-02,6.750880205507144016e-02,5.087047557985115848e-02,7.522715734669256638e-02,8.462506556797687318e-02,4.373656629311242078e-02,0.000000000000000000e+00,3.964177433643507054e-01,1.772800742732020540e-01,6.162631005409281021e-02,6.675756292279090565e-02,1.457194500853319363e-01,5.544645433431191067e-02,9.108050548167685723e-02,2.741693783884372251e-03,7.056940360897612230e-02,5.367667812139761963e-02,-2.475268340906158857e-03,1.526934289965793494e-02
1.710376001412419189e-01,-5.750342448745074386e-03,4.333949884480589598e-01,-8.443288578248775433e-03,5.503012990675381078e-01,2.163820935178755178e-01,3.964177433643507054e-01,0.000000000000000000e+00,-1.346928096824012190e-02,2.255658328732199069e-02,5.087288833493669449e-01,1.182586488951185566e-01,2.152593047106793611e-01,7.089899079063325393e-01,1.323194788348145412e-01,8.970417286011338476e-01,1.338440871807915211e-01,9.718601067948180738e-02,7.255587435474909475e-01
5.314367420709344841e-02,9.003974952854516822e-02,3.143510672771750170e-02,1.407837068450903395e-01,-1.015721985516362426e-02,9.980959227113628263e-02,1.772800742732020540e-01,-1.346928096824012190e-02,0.000000000000000000e+00,3.169674802199266006e-01,1.087226617608346296e-01,1.429897802172332144e-01,6.431615033549445415e-02,1.119228991065179812e-01,4.220613746653834042e-02,6.246113174326487633e-02,3.012005582914393728e-02,-1.103113695823276265e-02,2.978240537045777625e-01
2.274263631671288588e-01,1.429332587828372747e-01,2.928136545943749725e-01,1.613726688666285991e-01,1.073221414241838922e-01,1.384783291673795380e-02,6.162631005409281021e-02,2.255658328732199069e-02,3.169674802199266006e-01,0.000000000000000000e+00,2.950068617137818205e-01,1.088316536679570512e-01,1.252642816083369415e-01,4.235162058088972475e-02,-1.802354237638007645e-02,1.075609907327704784e-01,3.025062179507095883e-01,2.124939238655838489e-02,4.194314365732256661e-02
-1.047441218841507716e-03,2.988781236668478988e-02,2.995214270720890359e-02,1.361466478312147593e-02,9.986057367411500796e-02,3.444077186300405213e-02,6.675756292279090565e-02,5.087288833493669449e-01,1.087226617608346296e-01,2.950068617137818205e-01,0.000000000000000000e+00,9.484368390294069251e-02,5.322624561476149707e-02,4.108964965631298205e-01,4.880066268545309865e-02,4.563579060411118160e-01,-8.207025641338983393e-03,2.473213083469040421e-03,6.758317982882505737e-01
6.580878201450963971e-02,3.906500848948005200e-02,1.240274218975961906e-01,2.351336022091833969e-02,1.813606028910764445e-01,8.488508062341254198e-03,1.457194500853319363e-01,1.182586488951185566e-01,1.429897802172332144e-01,1.088316536679570512e-01,9.484368390294069251e-02,0.000000000000000000e+00,5.532842408659652961e-02,1.152852604771670425e-01,-1.420886314681039063e-02,5.198077904756098766e-01,9.022316466840862859e-02,1.039144563633563750e-01,4.804566011495587929e-01
1.681430871681890288e-02,-9.204336591273872339e-03,1.121064566756370812e-01,-4.282099202906544146e-03,1.585011732353264896e-02,5.439498385690333393e-02,5.544645433431191067e-02,2.152593047106793611e-01,6.431615033549445415e-02,1.252642816083369415e-01,5.322624561476149707e-02,5.532842408659652961e-02,0.000000000000000000e+00,3.131629772277551016e-01,-5.101834602106810994e-03,3.741833134971002117e-01,2.645232099755089397e-02,5.563111354643474234e-03,4.340734028252091758e-01
4.309230324988644889e-01,2.361921862909089898e-01,4.195748355015676556e-01,1.283710412375836663e-01,3.344658826961322551e-01,1.385849339413082471e-01,9.108050548167685723e-02,7.089899079063325393e-01,1.119228991065179812e-01,4.235162058088972475e-02,4.108964965631298205e-01,1.152852604771670425e-01,3.131629772277551016e-01,0.000000000000000000e+00,1.172250489364322183e-02,6.981170776797878119e-01,2.824462560492634888e-01,1.008943441546439751e-01,1.515190951024460815e-03
1.265027679532966520e-02,2.476134892724953375e-04,3.992160335566147938e-02,5.384930391418646205e-03,-1.334961029819747846e-02,-7.268193899009703536e-03,2.741693783884372251e-03,1.323194788348145412e-01,4.220613746653834042e-02,-1.802354237638007645e-02,4.880066268545309865e-02,-1.420886314681039063e-02,-5.101834602106810994e-03,1.172250489364322183e-02,0.000000000000000000e+00,1.425808385399573823e-02,1.540931510693990640e-02,-9.295976481792001325e-03,-1.217812129895229183e-02
4.683365132623845128e-01,4.114101486518504380e-01,4.229779215019917049e-01,3.857510689371411172e-01,1.652210612333529505e-01,5.480602819357947159e-02,7.056940360897612230e-02,8.970417286011338476e-01,6.246113174326487633e-02,1.075609907327704784e-01,4.563579060411118160e-01,5.198077904756098766e-01,3.741833134971002117e-01,6.981170776797878119e-01,1.425808385399573823e-02,0.000000000000000000e+00,3.835537170881570534e-01,-9.338942558899368876e-03,4.973277232904735889e-01
3.821922765893468604e-02,1.023300952583547502e-01,2.354246907774229861e-03,2.370935895310106664e-02,1.565233926219100902e-01,1.503645305034972089e-02,5.367667812139761963e-02,1.338440871807915211e-01,3.012005582914393728e-02,3.025062179507095883e-01,-8.207025641338983393e-03,9.022316466840862859e-02,2.645232099755089397e-02,2.824462560492634888e-01,1.540931510693990640e-02,3.835537170881570534e-01,0.000000000000000000e+00,1.680412142389305476e-03,4.770873247955887408e-01
-1.408691282677526635e-02,-8.675898605546527448e-03,8.564355544230387376e-03,3.832128068895809120e-02,-1.186840322900375479e-02,-1.779422512654809177e-02,-2.475268340906158857e-03,9.718601067948180738e-02,-1.103113695823276265e-02,2.124939238655838489e-02,2.473213083469040421e-03,1.039144563633563750e-01,5.563111354643474234e-03,1.008943441546439751e-01,-9.295976481792001325e-03,-9.338942558899368876e-03,1.680412142389305476e-03,0.000000000000000000e+00,1.196189458451439765e-02
6.896742072102073351e-01,5.661168155128302182e-01,5.735362203154366068e-01,4.254367820354971186e-01,3.030405071322961885e-01,9.134109946355074838e-02,1.526934289965793494e-02,7.255587435474909475e-01,2.978240537045777625e-01,4.194314365732256661e-02,6.758317982882505737e-01,4.804566011495587929e-01,4.340734028252091758e-01,1.515190951024460815e-03,-1.217812129895229183e-02,4.973277232904735889e-01,4.770873247955887408e-01,1.196189458451439765e-02,0.000000000000000000e+00
