0.000000000000000000e+00,-8.839893307935747790e-03,-4.260717314501174038e-03,-1.097417615676232749e-02,1.940878367290605963e-02,1.349503505338755897e-02,1.000139914354542525e-01,5.729766307520018503e-02,1.119795598972505163e-01,5.304578695861177778e-02,-1.642260051306479104e-02,-5.360828726520626419e-03,-1.755522309699373076e-02,6.763202319479424962e-03,2.106267707151039670e-02,1.130798790212524281e-02,-9.649948126029402398e-03,4.981425970000621928e-02,1.029292429174390316e-01
-8.839893307935747790e-03,0.000000000000000000e+00,-1.012919621929376721e-02,-1.120035995087886871e-02,1.442342234351747139e-02,1.089030854347604847e-02,8.911567874360677710e-02,4.856684588759888066e-02,9.122160914057599046e-02,4.060395415933817920e-02,-1.367394599904642183e-02,-3.967196029005745812e-03,-1.543344907525845931e-02,7.689076761542598497e-03,1.369017825208612704e-02,1.189304229140143894e-02,-1.227800378016262288e-02,3.830735334430072220e-02,8.995764357476164486e-02
-4.260717314501174038e-03,-1.012919621929376721e-02,0.000000000000000000e+00,-1.518947072648617336e-02,-5.671574186659767694e-04,-9.075331868166147328e-03,8.280689503483186498e-02,2.681376609126037702e-02,9.140057469670533064e-02,2.486731280066345473e-02,2.481048000597450842e-02,-1.365050701932725950e-02,1.422232862715546624e-03,-9.554192104661888077e-03,7.889010596853209337e-03,-3.194669244708381404e-03,-1.451902952729230110e-02,8.710214862276013589e-03,5.781071885995828913e-02
-1.097417615676232749e-02,-1.120035995087886871e-02,-1.518947072648617336e-02,0.000000000000000000e+00,-1.820076772059960784e-03,-1.051752207078021639e-02,5.502427467409377188e-02,2.352102908992447297e-02,6.573027798781970465e-02,1.909754842974702507e-02,-9.309324262147145035e-03,-1.548198051032202704e-02,-4.735839603550065328e-03,-1.150281366919485466e-02,4.514863702738586108e-03,1.002035314571301378e-04,-2.033206890198170982e-02,-4.489448695219541707e-04,4.052619130361889699e-02
1.940878367290605963e-02,1.442342234351747139e-02,-5.671574186659767694e-04,-1.820076772059960784e-03,0.000000000000000000e+00,-9.807464707925139195e-04,8.429808982639552806e-02,5.125478734091456177e-03,7.388696977876220429e-02,1.827741800803653989e-03,4.914120473856278121e-02,3.508921001253944346e-03,4.561274356831670346e-02,2.066563252002102339e-03,1.333558522943691050e-03,-4.998194008022495069e-03,1.604648958984981237e-03,-4.479191353203403579e-03,2.041103663863963122e-02
1.349503505338755897e-02,1.089030854347604847e-02,-9.075331868166147328e-03,-1.051752207078021639e-02,-9.807464707925139195e-04,0.000000000000000000e+00,4.956698631284332107e-02,4.326041651500495133e-02,4.947968163513947332e-02,1.619656215040595967e-02,2.775289302362940035e-03,-1.100107794068871762e-02,1.544181629586906072e-02,-6.964849222546423517e-03,2.887248502872309577e-03,2.348128826420546687e-03,8.633379479494000114e-04,-8.246540648407201315e-03,3.838751496710226391e-02
1.000139914354542525e-01,8.911567874360677710e-02,8.280689503483186498e-02,5.502427467409377188e-02,8.429808982639552806e-02,4.956698631284332107e-02,0.000000000000000000e+00,2.563674195145978964e-03,1.363127628347370057e-02,-8.361863169881406446e-03,1.113826411744070904e-01,5.607697749502722068e-02,1.424071450016893559e-01,4.007775172922103252e-02,5.540034608702532060e-03,1.628973064317065789e-02,8.325908465792147828e-02,6.165242754611074266e-02,5.143116863000583849e-03
5.729766307520018503e-02,4.856684588759888066e-02,2.681376609126037702e-02,2.352102908992447297e-02,5.125478734091456177e-03,4.326041651500495133e-02,2.563674195145978964e-03,0.000000000000000000e+00,-2.233144410529596269e-03,-1.554786134019929544e-02,4.191478272726380933e-02,9.094970164785488170e-03,4.252317565992021903e-02,4.295068123012403191e-03,-6.995427835233557039e-03,-3.587863811934074391e-03,4.756072021390601173e-02,1.625123771428519867e-02,-2.190403170079090623e-03
1.119795598972505163e-01,9.122160914057599046e-02,9.140057469670533064e-02,6.573027798781970465e-02,7.388696977876220429e-02,4.947968163513947332e-02,1.363127628347370057e-02,-2.233144410529596269e-03,0.000000000000000000e+00,5.766746342463312377e-04,1.338151369270963731e-01,6.255028719634339596e-02,1.694541446133399354e-01,5.528966008852744668e-02,9.806430313625306983e-02,3.987067478909858687e-02,8.885541914970856991e-02,4.084867659050408356e-02,6.206123367625077320e-04
5.304578695861177778e-02,4.060395415933817920e-02,2.486731280066345473e-02,1.909754842974702507e-02,1.827741800803653989e-03,1.619656215040595967e-02,-8.361863169881406446e-03,-1.554786134019929544e-02,5.766746342463312377e-04,0.000000000000000000e+00,4.109814049875561842e-02,1.251963845341381130e-02,3.623117691575310217e-02,1.846095911260344294e-02,5.404155259543878120e-05,5.556007236015567119e-02,3.475661875800275386e-02,-3.246498417592541281e-03,-1.387459071994599086e-02
-1.642260051306479104e-02,-1.367394599904642183e-02,2.481048000597450842e-02,-9.309324262147145035e-03,4.914120473856278121e-02,2.775289302362940035e-03,1.113826411744070904e-01,4.191478272726380933e-02,1.338151369270963731e-01,4.109814049875561842e-02,0.000000000000000000e+00,-6.406407483240399332e-03,-1.265115023660666645e-02,-5.042837881470638335e-03,2.810405665260489946e-02,7.972957286911976083e-04,-1.161603203392860828e-02,3.551910547531183376e-02,8.277479424719808021e-02
-5.360828726520626419e-03,-3.967196029005745812e-03,-1.365050701932725950e-02,-1.548198051032202704e-02,3.508921001253944346e-03,-1.100107794068871762e-02,5.607697749502722068e-02,9.094970164785488170e-03,6.255028719634339596e-02,1.251963845341381130e-02,-6.406407483240399332e-03,0.000000000000000000e+00,5.371546700063459072e-03,-1.010725440969961579e-02,6.789818104361190244e-03,-7.749436138988658428e-03,-2.195717962989495245e-02,-1.710153414528848214e-04,3.374199994671735203e-02
-1.755522309699373076e-02,-1.543344907525845931e-02,1.422232862715546624e-03,-4.735839603550065328e-03,4.561274356831670346e-02,1.544181629586906072e-02,1.424071450016893559e-01,4.252317565992021903e-02,1.694541446133399354e-01,3.623117691575310217e-02,-1.265115023660666645e-02,5.371546700063459072e-03,0.000000000000000000e+00,7.527536372409490001e-03,5.872883749648257629e-02,5.365420429539901996e-03,-1.440284218749367240e-02,3.062560515726676924e-02,8.173073305251683796e-02
6.763202319479424962e-03,7.689076761542598497e-03,-9.554192104661888077e-03,-1.150281366919485466e-02,2.066563252002102339e-03,-6.964849222546423517e-03,4.007775172922103252e-02,4.295068123012403191e-03,5.528966008852744668e-02,1.846095911260344294e-02,-5.042837881470638335e-03,-1.010725440969961579e-02,7.527536372409490001e-03,0.000000000000000000e+00,3.628770411060038784e-03,-1.045755276579623562e-02,-4.141798227136862624e-03,3.605707772359669915e-04,2.299847448833543598e-02
2.106267707151039670e-02,1.369017825208612704e-02,7.889010596853209337e-03,4.514863702738586108e-03,1.333558522943691050e-03,2.887248502872309577e-03,5.540034608702532060e-03,-6.995427835233557039e-03,9.806430313625306983e-02,5.404155259543878120e-05,2.810405665260489946e-02,6.789818104361190244e-03,5.872883749648257629e-02,3.628770411060038784e-03,0.000000000000000000e+00,-6.405658541104314839e-03,8.444495465226728448e-03,-1.057829187277499429e-03,-9.090977835007811245e-03
1.130798790212524281e-02,1.189304229140143894e-02,-3.194669244708381404e-03,1.002035314571301378e-04,-4.998194008022495069e-03,2.348128826420546687e-03,1.628973064317065789e-02,-3.587863811934074391e-03,3.987067478909858687e-02,5.556007236015567119e-02,7.972957286911976083e-04,-7.749436138988658428e-03,5.365420429539901996e-03,-1.045755276579623562e-02,-6.405658541104314839e-03,0.000000000000000000e+00,7.675177625460120369e-03,-2.210364735406510680e-03,8.181772456993757422e-03
-9.649948126029402398e-03,-1.227800378016262288e-02,-1.451902952729230110e-02,-2.033206890198170982e-02,1.604648958984981237e-03,8.633379479494000114e-04,8.325908465792147828e-02,4.756072021390601173e-02,8.885541914970856991e-02,3.475661875800275386e-02,-1.161603203392860828e-02,-2.195717962989495245e-02,-1.440284218749367240e-02,-4.141798227136862624e-03,8.444495465226728448e-03,7.675177625460120369e-03,0.000000000000000000e+00,2.919790544123244611e-02,7.899080605020268597e-02
4.981425970000621928e-02,3.830735334430072220e-02,8.710214862276013589e-03,-4.489448695219541707e-04,-4.479191353203403579e-03,-8.246540648407201315e-03,6.165242754611074266e-02,1.625123771428519867e-02,4.084867659050408356e-02,-3.246498417592541281e-03,3.551910547531183376e-02,-1.710153414528848214e-04,3.062560515726676924e-02,3.605707772359669915e-04,-1.057829187277499429e-03,-2.210364735406510680e-03,2.919790544123244611e-02,0.000000000000000000e+00,6.327068793756375487e-02
1.029292429174390316e-01,8.995764357476164486e-02,5.781071885995828913e-02,4.052619130361889699e-02,2.041103663863963122e-02,3.838751496710226391e-02,5.143116863000583849e-03,-2.190403170079090623e-03,6.206123367625077320e-04,-1.387459071994599086e-02,8.277479424719808021e-02,3.374199994671735203e-02,8.173073305251683796e-02,2.299847448833543598e-02,-9.090977835007811245e-03,8.181772456993757422e-03,7.899080605020268597e-02,6.327068793756375487e-02,0.000000000000000000e+00
