0.000000000000000000e+00,1.458010630604839909e-02,7.395561713775150592e-02,4.819728288051316339e-02,5.767911644632688940e-03,1.700823338269637913e-02,1.107917287150678859e-02,2.629852464108192733e-02,2.547462626930237575e-02,1.818410424036276049e-02,1.216912911024086233e-02,6.970186679439008270e-03,4.726918903730081833e-02,5.116213508024869405e-02,3.632041230965130096e-02,3.276060630761990639e-02,6.178348546054010515e-02,4.558977866517519711e-03,1.784513396903918483e-02
1.458010630604839909e-02,0.000000000000000000e+00,6.164407142922626731e-02,6.222950958444013053e-02,9.391047560748384815e-03,1.664834072162097930e-02,1.101204507677028613e-02,2.872267820941910854e-02,2.809708140346949684e-02,2.254643518318829795e-02,1.240327262931848265e-02,8.208800456803661341e-03,4.701179310853470517e-02,6.240366695311137801e-02,3.558433790929806106e-02,4.016202657232082612e-02,6.434438415543709822e-02,6.644712310252256712e-03,1.687116310660397023e-02
7.395561713775150592e-02,6.164407142922626731e-02,0.000000000000000000e+00,1.119774128758957259e-02,2.879766504013809084e-02,2.409555933864184971e-02,2.000363285034451044e-02,2.127849233169617355e-02,2.965662844627899725e-03,4.890903500027958539e-03,3.806983636475001070e-02,1.413431808165059415e-02,2.877679320090061402e-02,2.281509320741052435e-02,1.245542881580991024e-02,1.477458314848777501e-02,1.063222311764494554e-02,3.359952187873441187e-02,1.366690471660430076e-02
4.819728288051316339e-02,6.222950958444013053e-02,1.119774128758957259e-02,0.000000000000000000e+00,2.200319465290955304e-02,2.128905705670667767e-02,1.959879636981392420e-02,2.539599864839727633e-02,1.038977009191364986e-02,8.168744339904061846e-03,1.431138369266448697e-02,3.307421955587908774e-02,4.035082780377539924e-02,3.911836437345957845e-02,1.927550265295101609e-02,2.356023673039426072e-02,1.050892151741138029e-02,2.394119180276220449e-02,1.122667923756101409e-02
5.767911644632688940e-03,9.391047560748384815e-03,2.879766504013809084e-02,2.200319465290955304e-02,0.000000000000000000e+00,1.465536842819777259e-02,1.744412931316873319e-02,1.937838871035547222e-02,1.295744528869236835e-02,1.804512985673225461e-02,1.103163349286005561e-02,1.040087807135790278e-02,1.142175754754548057e-02,2.016329894550929897e-02,1.384162554851355031e-02,2.386664398790264499e-02,2.466502711406663717e-02,8.361015033371659022e-03,1.820115836574148424e-02
1.700823338269637913e-02,1.664834072162097930e-02,2.409555933864184971e-02,2.128905705670667767e-02,1.465536842819777259e-02,0.000000000000000000e+00,8.085795665215170930e-03,1.623481830689281827e-02,1.118158406144770592e-02,9.815621777125844646e-03,5.421381591124002468e-03,5.350941646595281341e-03,2.169477302743834032e-02,2.091974631892853931e-02,2.607095211139277488e-02,1.857786962682324988e-02,2.475257115449474785e-02,1.427401699171906672e-02,7.533313960052960556e-03
1.107917287150678859e-02,1.101204507677028613e-02,2.000363285034451044e-02,1.959879636981392420e-02,1.744412931316873319e-02,8.085795665215170930e-03,0.000000000000000000e+00,2.242921181925359650e-02,1.468503424197715145e-02,1.649622564269932409e-02,7.078671436800102953e-03,1.146432974480503589e-02,1.060081535464812985e-02,1.016325292063862719e-02,1.151359013793581965e-02,1.901601058223989851e-02,2.091836337780894617e-02,1.022218347461537752e-02,2.289068274335087985e-02
2.629852464108192733e-02,2.872267820941910854e-02,2.127849233169617355e-02,2.539599864839727633e-02,1.937838871035547222e-02,1.623481830689281827e-02,2.242921181925359650e-02,0.000000000000000000e+00,2.380151702318155510e-02,2.445527435893326065e-02,1.304562658650293937e-02,1.991384847903372030e-02,1.195455683187927713e-02,3.982753830941983091e-03,1.320993007342050225e-02,1.520428809467448336e-02,1.819312842065230751e-02,1.179720663375791352e-02,1.073483729081506008e-02
2.547462626930237575e-02,2.809708140346949684e-02,2.965662844627899725e-03,1.038977009191364986e-02,1.295744528869236835e-02,1.118158406144770592e-02,1.468503424197715145e-02,2.380151702318155510e-02,0.000000000000000000e+00,1.099385401946604592e-02,4.736404763649888598e-03,7.941846503318346004e-03,1.679418722483337276e-02,8.268301955778826345e-03,6.614860258956119373e-05,1.077777189466214841e-02,6.422533723862162286e-03,7.665255717815165105e-03,2.156132388140294398e-02
1.818410424036276049e-02,2.254643518318829795e-02,4.890903500027958539e-03,8.168744339904061846e-03,1.804512985673225461e-02,9.815621777125844646e-03,1.649622564269932409e-02,2.445527435893326065e-02,1.099385401946604592e-02,0.000000000000000000e+00,1.117113001775503229e-03,5.040110197137443078e-03,1.795590377802576063e-02,1.044544354405653637e-02,6.314020226698946990e-03,5.743821778942172565e-03,9.169971608832164223e-03,9.162360949157389439e-03,1.765963919861868528e-02
1.216912911024086233e-02,1.240327262931848265e-02,3.806983636475001070e-02,1.431138369266448697e-02,1.103163349286005561e-02,5.421381591124002468e-03,7.078671436800102953e-03,1.304562658650293937e-02,4.736404763649888598e-03,1.117113001775503229e-03,0.000000000000000000e+00,5.171434027437371746e-03,5.382379639693551238e-03,1.162272950210484213e-02,8.770959549999322175e-03,7.791166166494795792e-03,2.427408849397587332e-02,2.154432604077792524e-03,9.049984870406636156e-03
6.970186679439008270e-03,8.208800456803661341e-03,1.413431808165059415e-02,3.307421955587908774e-02,1.040087807135790278e-02,5.350941646595281341e-03,1.146432974480503589e-02,1.991384847903372030e-02,7.941846503318346004e-03,5.040110197137443078e-03,5.171434027437371746e-03,0.000000000000000000e+00,2.257961181465517955e-02,2.872527709577512786e-02,1.561227473897558102e-02,1.859821117328615617e-02,2.185311935348486362e-02,4.540672748922572333e-03,8.873392049349103708e-03
4.726918903730081833e-02,4.701179310853470517e-02,2.877679320090061402e-02,4.035082780377539924e-02,1.142175754754548057e-02,2.169477302743834032e-02,1.060081535464812985e-02,1.195455683187927713e-02,1.679418722483337276e-02,1.795590377802576063e-02,5.382379639693551238e-03,2.257961181465517955e-02,0.000000000000000000e+00,1.101870486032127672e-02,1.966367315928850557e-02,1.444540785432350295e-02,5.749203428647876868e-02,9.996932647588895743e-03,1.332773084324847916e-02
5.116213508024869405e-02,6.240366695311137801e-02,2.281509320741052435e-02,3.911836437345957845e-02,2.016329894550929897e-02,2.091974631892853931e-02,1.016325292063862719e-02,3.982753830941983091e-03,8.268301955778826345e-03,1.044544354405653637e-02,1.162272950210484213e-02,2.872527709577512786e-02,1.101870486032127672e-02,0.000000000000000000e+00,6.143694542636119089e-03,8.101123294955976314e-03,3.523008883498835592e-02,2.000267006891648727e-02,7.460128531703970681e-03
3.632041230965130096e-02,3.558433790929806106e-02,1.245542881580991024e-02,1.927550265295101609e-02,1.384162554851355031e-02,2.607095211139277488e-02,1.151359013793581965e-02,1.320993007342050225e-02,6.614860258956119373e-05,6.314020226698946990e-03,8.770959549999322175e-03,1.561227473897558102e-02,1.966367315928850557e-02,6.143694542636119089e-03,0.000000000000000000e+00,9.049154872214960205e-03,1.295462177640683069e-02,1.610657105969300756e-02,1.076825737069503179e-02
3.276060630761990639e-02,4.016202657232082612e-02,1.477458314848777501e-02,2.356023673039426072e-02,2.386664398790264499e-02,1.857786962682324988e-02,1.901601058223989851e-02,1.520428809467448336e-02,1.077777189466214841e-02,5.743821778942172565e-03,7.791166166494795792e-03,1.859821117328615617e-02,1.444540785432350295e-02,8.101123294955976314e-03,9.049154872214960205e-03,0.000000000000000000e+00,1.767298105729070770e-02,1.823831444296202323e-02,7.319229502883222056e-03
6.178348546054010515e-02,6.434438415543709822e-02,1.063222311764494554e-02,1.050892151741138029e-02,2.466502711406663717e-02,2.475257115449474785e-02,2.091836337780894617e-02,1.819312842065230751e-02,6.422533723862162286e-03,9.169971608832164223e-03,2.427408849397587332e-02,2.185311935348486362e-02,5.749203428647876868e-02,3.523008883498835592e-02,1.295462177640683069e-02,1.767298105729070770e-02,0.000000000000000000e+00,3.787144108757962285e-02,1.241514518590499001e-02
4.558977866517519711e-03,6.644712310252256712e-03,3.359952187873441187e-02,2.394119180276220449e-02,8.361015033371659022e-03,1.427401699171906672e-02,1.022218347461537752e-02,1.179720663375791352e-02,7.665255717815165105e-03,9.162360949157389439e-03,2.154432604077792524e-03,4.540672748922572333e-03,9.996932647588895743e-03,2.000267006891648727e-02,1.610657105969300756e-02,1.823831444296202323e-02,3.787144108757962285e-02,0.000000000000000000e+00,1.676686297852228100e-02
1.784513396903918483e-02,1.687116310660397023e-02,1.366690471660430076e-02,1.122667923756101409e-02,1.820115836574148424e-02,7.533313960052960556e-03,2.289068274335087985e-02,1.073483729081506008e-02,2.156132388140294398e-02,1.765963919861868528e-02,9.049984870406636156e-03,8.873392049349103708e-03,1.332773084324847916e-02,7.460128531703970681e-03,1.076825737069503179e-02,7.319229502883222056e-03,1.241514518590499001e-02,1.676686297852228100e-02,0.000000000000000000e+00
