0.000000000000000000e+00,2.162240157733350682e-02,2.268510621244200151e-02,1.363897981474572821e-02,8.246386900525023989e-03,2.782142424792378391e-03,2.505810357845871320e-02,1.617303796327490550e-02,2.278278213999926360e-02,7.443215730741294285e-03,3.445898874386970484e-02,2.228365931323104260e-02,2.988920044260903741e-02,3.628727379782981793e-02,4.940098107446361936e-02,4.821869730175629143e-02,2.763247682046934134e-02,4.342806222113929776e-02,1.234241096736496124e-01
2.162240157733350682e-02,0.000000000000000000e+00,1.442317265075419574e-01,-6.444273883280215824e-03,2.272599089879604253e-02,1.747796224163614132e-02,3.039757261015659656e-02,1.508751970548210738e-02,1.557988621035117857e-02,1.580099029236546257e-02,2.703883590650333485e-02,-5.771482941212349900e-03,2.705492559301355196e-02,6.153633063819378968e-02,5.781578458861180714e-02,6.406129392078181717e-02,5.915913188572879608e-03,-8.164713194387831011e-03,8.800287552136822067e-02
2.268510621244200151e-02,1.442317265075419574e-01,0.000000000000000000e+00,2.326056779795666052e-01,1.122323614901141881e-01,1.635930807899596828e-01,7.154983911064843882e-02,4.941661427843112991e-02,-2.700382915930964623e-04,1.973685443779218951e-02,5.607969769444450664e-02,4.290443908577209337e-02,8.896636282973777177e-02,1.239042735094177256e-01,1.442964178489081761e-01,3.751074065273716368e-02,1.830690111413206811e-01,7.563922968822925363e-02,8.150654001781283686e-02
1.363897981474572821e-02,-6.444273883280215824e-03,2.326056779795666052e-01,0.000000000000000000e+00,5.549226076895256987e-02,6.610141479089652605e-02,5.702431452632036185e-02,6.138381160318315266e-02,5.010868279757664523e-02,8.212666654106040576e-02,1.024213192662475347e-01,4.368659752240532795e-02,4.146351177235042124e-02,3.051975071292608102e-02,4.536529116717760712e-02,4.182991996613222296e-02,3.021457565615844401e-02,1.680284471587987771e-01,1.497524817651242901e-01
8.246386900525023989e-03,2.272599089879604253e-02,1.122323614901141881e-01,5.549226076895256987e-02,0.000000000000000000e+00,2.419799369216575624e-02,3.286001544896790388e-02,4.703217619295547297e-02,7.574489483106103260e-02,5.674705616698065558e-02,1.928881608615054533e-02,2.882747367696407090e-02,5.277409104993498884e-02,2.562110128600254833e-03,2.514473454656351512e-02,1.813023027672363077e-02,3.438494944448344109e-02,5.683702416745083780e-02,8.671687239511567669e-02
2.782142424792378391e-03,1.747796224163614132e-02,1.635930807899596828e-01,6.610141479089652605e-02,2.419799369216575624e-02,0.000000000000000000e+00,2.183945744837984676e-02,5.628344456814600438e-02,4.812967937140669172e-02,4.195654037572035810e-02,4.958024823281698135e-03,1.822852540222476975e-02,1.055841690864697258e-01,3.237859989721787735e-02,9.266066842965419575e-03,3.045336238349087218e-02,5.110726328199607926e-02,2.125662563729609558e-02,7.067078456772828143e-02
2.505810357845871320e-02,3.039757261015659656e-02,7.154983911064843882e-02,5.702431452632036185e-02,3.286001544896790388e-02,2.183945744837984676e-02,0.000000000000000000e+00,7.836748200763278549e-03,1.203725024000550231e-01,2.314430185271889803e-02,1.100976424437701273e-01,1.611895994183134770e-02,1.789743380093736236e-01,1.184460864119052728e-02,2.766472711471851947e-02,5.519873208968083950e-03,2.259976399925623866e-02,1.432546251874493651e-02,7.090114300980832063e-02
1.617303796327490550e-02,1.508751970548210738e-02,4.941661427843112991e-02,6.138381160318315266e-02,4.703217619295547297e-02,5.628344456814600438e-02,7.836748200763278549e-03,0.000000000000000000e+00,5.911761463087707863e-02,3.495691301602715795e-02,2.490918292913521515e-02,1.872282225940083422e-02,4.902356663104624757e-02,1.463067979973127659e-02,2.798721372678624614e-02,5.528602574676187709e-02,2.975310806694653545e-02,6.324899751644923185e-02,3.474762288298362256e-02
2.278278213999926360e-02,1.557988621035117857e-02,-2.700382915930964623e-04,5.010868279757664523e-02,7.574489483106103260e-02,4.812967937140669172e-02,1.203725024000550231e-01,5.911761463087707863e-02,0.000000000000000000e+00,3.568030776320110092e-02,7.659588877504228122e-02,2.250333251723044339e-02,1.141348202786359178e-01,4.806138671776542109e-02,9.457570555377807497e-02,1.351805339543567588e-02,4.087612503468916747e-02,4.339602749135976212e-02,6.059849598489478600e-02
7.443215730741294285e-03,1.580099029236546257e-02,1.973685443779218951e-02,8.212666654106040576e-02,5.674705616698065558e-02,4.195654037572035810e-02,2.314430185271889803e-02,3.495691301602715795e-02,3.568030776320110092e-02,0.000000000000000000e+00,3.720763835430478811e-02,2.189246456009157765e-02,4.821134479993682137e-02,4.554121842443530771e-02,2.422654512352353726e-02,1.543750371018388357e-01,4.729198392545196084e-02,4.875392398916164605e-02,7.469612468868967736e-02
3.445898874386970484e-02,2.703883590650333485e-02,5.607969769444450664e-02,1.024213192662475347e-01,1.928881608615054533e-02,4.958024823281698135e-03,1.100976424437701273e-01,2.490918292913521515e-02,7.659588877504228122e-02,3.720763835430478811e-02,0.000000000000000000e+00,9.374835344466510637e-03,6.302869267294004818e-02,8.583786992730591675e-03,8.114903822707658643e-02,5.686593021771577799e-02,2.240619374921802923e-02,4.393944680768727823e-02,3.392121558659618730e-01
2.228365931323104260e-02,-5.771482941212349900e-03,4.290443908577209337e-02,4.368659752240532795e-02,2.882747367696407090e-02,1.822852540222476975e-02,1.611895994183134770e-02,1.872282225940083422e-02,2.250333251723044339e-02,2.189246456009157765e-02,9.374835344466510637e-03,0.000000000000000000e+00,4.727263745717694143e-02,1.872324618993527132e-02,3.077311205655467938e-02,4.143320849033661074e-02,4.484968059114277650e-02,1.187638493884959554e-02,3.456455799432922582e-02
2.988920044260903741e-02,2.705492559301355196e-02,8.896636282973777177e-02,4.146351177235042124e-02,5.277409104993498884e-02,1.055841690864697258e-01,1.789743380093736236e-01,4.902356663104624757e-02,1.141348202786359178e-01,4.821134479993682137e-02,6.302869267294004818e-02,4.727263745717694143e-02,0.000000000000000000e+00,8.539431564698546362e-02,1.801205404487072892e-01,2.479317721223035439e-02,7.905046470134630132e-02,7.506284022587980664e-02,7.690560107026654657e-02
3.628727379782981793e-02,6.153633063819378968e-02,1.239042735094177256e-01,3.051975071292608102e-02,2.562110128600254833e-03,3.237859989721787735e-02,1.184460864119052728e-02,1.463067979973127659e-02,4.806138671776542109e-02,4.554121842443530771e-02,8.583786992730591675e-03,1.872324618993527132e-02,8.539431564698546362e-02,0.000000000000000000e+00,2.536517250774799215e-03,3.546734637540376045e-02,3.812491634805246360e-02,2.462884630816514556e-02,3.074576100944218307e-02
4.940098107446361936e-02,5.781578458861180714e-02,1.442964178489081761e-01,4.536529116717760712e-02,2.514473454656351512e-02,9.266066842965419575e-03,2.766472711471851947e-02,2.798721372678624614e-02,9.457570555377807497e-02,2.422654512352353726e-02,8.114903822707658643e-02,3.077311205655467938e-02,1.801205404487072892e-01,2.536517250774799215e-03,0.000000000000000000e+00,1.235349634312954935e-02,1.419379971367014208e-02,2.204640182340926804e-02,8.438354370387070313e-02
4.821869730175629143e-02,6.406129392078181717e-02,3.751074065273716368e-02,4.182991996613222296e-02,1.813023027672363077e-02,3.045336238349087218e-02,5.519873208968083950e-03,5.528602574676187709e-02,1.351805339543567588e-02,1.543750371018388357e-01,5.686593021771577799e-02,4.143320849033661074e-02,2.479317721223035439e-02,3.546734637540376045e-02,1.235349634312954935e-02,0.000000000000000000e+00,1.921959866214804913e-02,-2.306955091162044350e-03,6.112928610502565280e-02
2.763247682046934134e-02,5.915913188572879608e-03,1.830690111413206811e-01,3.021457565615844401e-02,3.438494944448344109e-02,5.110726328199607926e-02,2.259976399925623866e-02,2.975310806694653545e-02,4.087612503468916747e-02,4.729198392545196084e-02,2.240619374921802923e-02,4.484968059114277650e-02,7.905046470134630132e-02,3.812491634805246360e-02,1.419379971367014208e-02,1.921959866214804913e-02,0.000000000000000000e+00,2.412178234845256120e-01,1.302471380984856764e-01
4.342806222113929776e-02,-8.164713194387831011e-03,7.563922968822925363e-02,1.680284471587987771e-01,5.683702416745083780e-02,2.125662563729609558e-02,1.432546251874493651e-02,6.324899751644923185e-02,4.339602749135976212e-02,4.875392398916164605e-02,4.393944680768727823e-02,1.187638493884959554e-02,7.506284022587980664e-02,2.462884630816514556e-02,2.204640182340926804e-02,-2.306955091162044350e-03,2.412178234845256120e-01,0.000000000000000000e+00,3.283555719299455916e-02
1.234241096736496124e-01,8.800287552136822067e-02,8.150654001781283686e-02,1.497524817651242901e-01,8.671687239511567669e-02,7.067078456772828143e-02,7.090114300980832063e-02,3.474762288298362256e-02,6.059849598489478600e-02,7.469612468868967736e-02,3.392121558659618730e-01,3.456455799432922582e-02,7.690560107026654657e-02,3.074576100944218307e-02,8.438354370387070313e-02,6.112928610502565280e-02,1.302471380984856764e-01,3.283555719299455916e-02,0.000000000000000000e+00
