0.000000000000000000e+00,-1.579668432526841818e-02,1.346068535193229165e-01,5.035746409284295316e-02,-8.729320786699789128e-03,5.750470632610189640e-03,1.223040370848903352e-01,2.556104309805751554e-02,3.109555691986099490e-01,1.205799977385662615e-02,-5.633390172849337546e-03,1.042368041256919176e-02,1.016076455072521534e-01,2.032286625976783070e-02,2.323050938672636956e-01,1.831738833142051645e-02,1.799461750098167723e-01,1.213599379303108433e-01,3.093613788716699856e-02
-1.579668432526841818e-02,0.000000000000000000e+00,9.259036255663004658e-03,1.030636544320558262e-01,-2.672372907910600115e-03,5.454297190879533325e-02,2.031076366947581757e-02,4.822997608155785154e-02,2.382602373972640131e-01,9.652532644529485464e-03,1.463288466741746729e-02,1.282302225142624950e-02,9.549528171129732790e-02,1.619907639810341110e-02,1.139609112542467467e-01,5.101641034882128251e-02,8.209225371487750833e-02,1.332681935923242245e-01,7.017750488252107177e-02
1.346068535193229165e-01,9.259036255663004658e-03,0.000000000000000000e+00,1.387976540110597706e-02,-7.769611020282645407e-03,8.594354247874007313e-02,2.175673987454513070e-01,1.612670860243950455e-01,8.863299291822614168e-02,6.734516283647058732e-02,-1.119907656095865504e-02,2.330388897853728422e-02,1.223309935645867236e-01,1.028850945998266691e-03,3.232672572557886981e-01,-3.800354345694677890e-03,3.305562909814727807e-02,2.754121498521005518e-01,1.012089511356081689e-01
5.035746409284295316e-02,1.030636544320558262e-01,1.387976540110597706e-02,0.000000000000000000e+00,1.028283255058493918e-02,1.533364774751508341e-01,-1.145649046785645990e-02,8.208590062637985407e-02,2.640872065720984482e-03,3.195913052268594540e-02,-7.202718977037360836e-04,-8.500133647033872655e-03,2.952515877116303200e-02,7.638802765547014761e-02,1.054811819833685188e-01,1.000204166355522228e-01,-9.261619194543393996e-03,3.823693824219437931e-01,2.592691379693954357e-01
-8.729320786699789128e-03,-2.672372907910600115e-03,-7.769611020282645407e-03,1.028283255058493918e-02,0.000000000000000000e+00,-1.315916634976613958e-02,5.912232560256814456e-02,-2.580606695446936629e-03,-7.344022675143946355e-03,2.377249967907589176e-02,3.074347423373600605e-02,2.532065684397122318e-02,2.430355504565782573e-02,-2.378818849865125314e-03,8.513294389323233791e-02,-8.651799137954710103e-03,-1.370637123202332781e-02,2.267863516970861082e-02,8.467947047467215896e-03
5.750470632610189640e-03,5.454297190879533325e-02,8.594354247874007313e-02,1.533364774751508341e-01,-1.315916634976613958e-02,0.000000000000000000e+00,1.580558828130010918e-01,1.773012674239682687e-02,9.793948332180262006e-02,1.129186262652987355e-01,2.154269484277677310e-03,1.292207208482541170e-01,3.427658306487921507e-03,-4.060276136362616435e-04,4.614957167622124601e-02,-2.438984519574813239e-03,1.431351834748217089e-01,-1.524925796652036418e-02,2.154196252512600440e-01
1.223040370848903352e-01,2.031076366947581757e-02,2.175673987454513070e-01,-1.145649046785645990e-02,5.912232560256814456e-02,1.580558828130010918e-01,0.000000000000000000e+00,2.660049689980497623e-01,1.080303053856738610e-01,2.988644206727394600e-02,1.038772895025068949e-01,-1.203074707965722835e-02,1.824843780225214249e-02,1.149341012053834181e-03,7.998366881200009992e-02,-7.948952211449039282e-03,1.992169007453303484e-02,1.806743870655581341e-01,5.240364707334781436e-01
2.556104309805751554e-02,4.822997608155785154e-02,1.612670860243950455e-01,8.208590062637985407e-02,-2.580606695446936629e-03,1.773012674239682687e-02,2.660049689980497623e-01,0.000000000000000000e+00,2.821025942551135812e-01,1.192793072296195744e-02,8.794863584223620856e-02,1.523964319907349652e-01,7.412179154587003604e-02,2.918902773034118270e-02,2.412169599750211557e-01,2.503667471187369653e-01,1.753267985090362358e-01,3.192690232094361757e-01,2.573752312854238680e-02
3.109555691986099490e-01,2.382602373972640131e-01,8.863299291822614168e-02,2.640872065720984482e-03,-7.344022675143946355e-03,9.793948332180262006e-02,1.080303053856738610e-01,2.821025942551135812e-01,0.000000000000000000e+00,1.803288251931067510e-01,1.047726232064800228e-01,5.742259072076255633e-02,1.491209325663478413e-01,1.020091079295793457e-01,2.484190400496657236e-01,2.462608423981689845e-02,-5.538674688805051566e-04,2.416620804502584152e-01,5.937954454582381469e-01
1.205799977385662615e-02,9.652532644529485464e-03,6.734516283647058732e-02,3.195913052268594540e-02,2.377249967907589176e-02,1.129186262652987355e-01,2.988644206727394600e-02,1.192793072296195744e-02,1.803288251931067510e-01,0.000000000000000000e+00,-1.688433871992999286e-05,1.159176662678822710e-02,5.174501983944793104e-02,5.481733515709778098e-02,1.481456323671776210e-01,3.059034588838038249e-01,9.127442462045683158e-02,3.644006623118440369e-01,1.157806154994125564e-01
-5.633390172849337546e-03,1.463288466741746729e-02,-1.119907656095865504e-02,-7.202718977037360836e-04,3.074347423373600605e-02,2.154269484277677310e-03,1.038772895025068949e-01,8.794863584223620856e-02,1.047726232064800228e-01,-1.688433871992999286e-05,0.000000000000000000e+00,3.834538401261829849e-02,2.280027833040687568e-02,6.009994331962351111e-03,1.345957679959475517e-01,-1.371122446299112042e-02,-1.061549468320012977e-02,7.977042758848905402e-02,8.347068556569685327e-02
1.042368041256919176e-02,1.282302225142624950e-02,2.330388897853728422e-02,-8.500133647033872655e-03,2.532065684397122318e-02,1.292207208482541170e-01,-1.203074707965722835e-02,1.523964319907349652e-01,5.742259072076255633e-02,1.159176662678822710e-02,3.834538401261829849e-02,0.000000000000000000e+00,4.135012696477550521e-03,3.627562046190245526e-02,4.334414550539658628e-02,7.988685339182151346e-02,7.190226400609042549e-03,1.204453700444446107e-01,2.599435177117870310e-01
1.016076455072521534e-01,9.549528171129732790e-02,1.223309935645867236e-01,2.952515877116303200e-02,2.430355504565782573e-02,3.427658306487921507e-03,1.824843780225214249e-02,7.412179154587003604e-02,1.491209325663478413e-01,5.174501983944793104e-02,2.280027833040687568e-02,4.135012696477550521e-03,0.000000000000000000e+00,-1.501772498229221597e-02,3.723840007909795524e-02,9.470407558399569770e-02,1.200660573702175965e-01,-4.490932710327850790e-03,5.303823201440777818e-02
2.032286625976783070e-02,1.619907639810341110e-02,1.028850945998266691e-03,7.638802765547014761e-02,-2.378818849865125314e-03,-4.060276136362616435e-04,1.149341012053834181e-03,2.918902773034118270e-02,1.020091079295793457e-01,5.481733515709778098e-02,6.009994331962351111e-03,3.627562046190245526e-02,-1.501772498229221597e-02,0.000000000000000000e+00,5.937353949000840616e-04,9.794714261229360563e-02,3.984745056804018387e-02,-7.194323397322545388e-03,4.958731535472211786e-03
2.323050938672636956e-01,1.139609112542467467e-01,3.232672572557886981e-01,1.054811819833685188e-01,8.513294389323233791e-02,4.614957167622124601e-02,7.998366881200009992e-02,2.412169599750211557e-01,2.484190400496657236e-01,1.481456323671776210e-01,1.345957679959475517e-01,4.334414550539658628e-02,3.723840007909795524e-02,5.937353949000840616e-04,0.000000000000000000e+00,5.029478147158236712e-02,1.445792193525054781e-01,3.418178360866602067e-02,2.591694300767179993e-01
1.831738833142051645e-02,5.101641034882128251e-02,-3.800354345694677890e-03,1.000204166355522228e-01,-8.651799137954710103e-03,-2.438984519574813239e-03,-7.948952211449039282e-03,2.503667471187369653e-01,2.462608423981689845e-02,3.059034588838038249e-01,-1.371122446299112042e-02,7.988685339182151346e-02,9.470407558399569770e-02,9.794714261229360563e-02,5.029478147158236712e-02,0.000000000000000000e+00,1.548829249742887139e-02,3.165173994654296025e-02,1.075328282965213322e-01
1.799461750098167723e-01,8.209225371487750833e-02,3.305562909814727807e-02,-9.261619194543393996e-03,-1.370637123202332781e-02,1.431351834748217089e-01,1.992169007453303484e-02,1.753267985090362358e-01,-5.538674688805051566e-04,9.127442462045683158e-02,-1.061549468320012977e-02,7.190226400609042549e-03,1.200660573702175965e-01,3.984745056804018387e-02,1.445792193525054781e-01,1.548829249742887139e-02,0.000000000000000000e+00,3.357183413362134772e-01,2.179356447694628107e-01
1.213599379303108433e-01,1.332681935923242245e-01,2.754121498521005518e-01,3.823693824219437931e-01,2.267863516970861082e-02,-1.524925796652036418e-02,1.806743870655581341e-01,3.192690232094361757e-01,2.416620804502584152e-01,3.644006623118440369e-01,7.977042758848905402e-02,1.204453700444446107e-01,-4.490932710327850790e-03,-7.194323397322545388e-03,3.418178360866602067e-02,3.165173994654296025e-02,3.357183413362134772e-01,0.000000000000000000e+00,3.898765479111995780e-01
3.093613788716699856e-02,7.017750488252107177e-02,1.012089511356081689e-01,2.592691379693954357e-01,8.467947047467215896e-03,2.154196252512600440e-01,5.240364707334781436e-01,2.573752312854238680e-02,5.937954454582381469e-01,1.157806154994125564e-01,8.347068556569685327e-02,2.599435177117870310e-01,5.303823201440777818e-02,4.958731535472211786e-03,2.591694300767179993e-01,1.075328282965213322e-01,2.179356447694628107e-01,3.898765479111995780e-01,0.000000000000000000e+00
