0.000000000000000000e+00,6.240795304962463291e-02,2.268519297937411361e-01,1.319018101930798936e-01,4.946357605200738528e-01,5.647568263266670996e-02,3.856151254584890276e-01,1.135586960442323545e-01,1.072016689541318950e-02,3.469345045113175208e-01,2.677758922379701659e-02,1.174005305428109935e-01,6.008474061429493196e-02,1.041842552019494328e-01,1.938913630919133491e-01,1.853657665804231691e-01,7.892618523065786373e-02,8.140860585426545892e-02,2.130977745373030530e-01
6.240795304962463291e-02,0.000000000000000000e+00,1.820435054481466530e-01,1.372737369043293409e-01,4.437069923567401597e-01,5.402838043589881095e-02,4.441079104528170562e-01,1.049632011055620789e-01,1.922930570450570933e-02,3.431335880193577825e-01,1.366810199314679071e-02,1.952558706269043876e-01,6.639532178243777449e-02,1.950615316206848471e-01,1.626095975138761585e-01,1.506105281718966293e-01,4.472709729498961645e-02,7.659912381739153453e-02,2.212052752274611678e-01
2.268519297937411361e-01,1.820435054481466530e-01,0.000000000000000000e+00,2.777173588646935087e-01,5.953905679303995724e-01,2.618091458947657477e-02,5.168475587165983764e-01,1.299063958386110218e-01,9.471055008510574635e-02,1.668750066311520119e-01,3.239749642298213050e-01,1.686023942988235935e-01,2.274913640638535073e-01,1.430387270309231851e-01,4.033450442495482152e-02,2.561596208950059350e-01,2.980554452392077946e-01,2.271271361518242271e-01,2.931513581765040066e-01
1.319018101930798936e-01,1.372737369043293409e-01,2.777173588646935087e-01,0.000000000000000000e+00,3.523558144628775035e-01,2.852301715089043399e-01,1.723502771166849634e-01,3.221966081972547635e-01,6.221181007947178959e-02,1.173622352912615380e-01,1.130177211784877123e-01,3.147706092242070208e-01,1.899063431345639485e-01,5.112180735837104084e-01,1.720839690428946911e-01,1.569716722282724353e-01,9.963432109198157305e-02,7.760744371580863277e-02,1.135025326417057751e-01
4.946357605200738528e-01,4.437069923567401597e-01,5.953905679303995724e-01,3.523558144628775035e-01,0.000000000000000000e+00,2.227079980006777260e-01,8.683883677264445655e-01,2.704455028970613739e-01,3.367169833112309552e-01,4.349742405879848395e-01,5.184437836349262696e-01,5.396245210698835670e-01,5.720965998207917513e-01,3.547933089790344940e-01,3.844334575805716248e-01,4.252822633874678848e-01,4.591076458746152777e-01,4.449709236076248575e-01,6.901935818945023060e-01
5.647568263266670996e-02,5.402838043589881095e-02,2.618091458947657477e-02,2.852301715089043399e-01,2.227079980006777260e-01,0.000000000000000000e+00,9.059704585335713600e-02,2.638006723830417510e-02,8.471930659158524723e-02,1.042110539965220885e-02,5.241675007138664466e-02,7.403373974518191736e-02,1.033012928992722568e-01,1.164209083713701048e-01,1.516131018221501814e-01,3.810537310894863278e-02,1.067994582896696423e-02,9.538043504927594396e-02,4.951418219864113512e-02
3.856151254584890276e-01,4.441079104528170562e-01,5.168475587165983764e-01,1.723502771166849634e-01,8.683883677264445655e-01,9.059704585335713600e-02,0.000000000000000000e+00,1.419245963749822537e-01,4.061803631035174611e-01,3.220151358774950845e-01,2.584269573821125765e-01,2.755366634488659594e-01,2.126011066101333724e-01,3.221945690062295586e-01,4.251466244140141848e-01,5.345707294172120649e-01,3.881177451179872451e-01,3.511593767694466961e-01,6.157117737981777639e-01
1.135586960442323545e-01,1.049632011055620789e-01,1.299063958386110218e-01,3.221966081972547635e-01,2.704455028970613739e-01,2.638006723830417510e-02,1.419245963749822537e-01,0.000000000000000000e+00,2.012436034834418769e-02,6.187764679510095178e-02,9.378027135632233113e-02,5.475516053042899650e-02,5.615430212643059138e-02,1.448667692521762029e-01,5.984445332251574212e-02,7.782767969211627779e-02,1.171614350390419723e-01,9.537691399253088453e-02,1.218356919905528163e-01
1.072016689541318950e-02,1.922930570450570933e-02,9.471055008510574635e-02,6.221181007947178959e-02,3.367169833112309552e-01,8.471930659158524723e-02,4.061803631035174611e-01,2.012436034834418769e-02,0.000000000000000000e+00,1.158469732272584679e-01,1.837445997626196634e-02,1.631714181942608630e-02,1.794825771185359214e-02,1.043400941761611217e-01,3.249252177612612091e-01,1.519120245483139009e-01,3.189347382265976527e-02,3.352668479234850729e-02,1.163127928094784824e-01
3.469345045113175208e-01,3.431335880193577825e-01,1.668750066311520119e-01,1.173622352912615380e-01,4.349742405879848395e-01,1.042110539965220885e-02,3.220151358774950845e-01,6.187764679510095178e-02,1.158469732272584679e-01,0.000000000000000000e+00,3.431045406973364797e-01,2.395658507956731353e-01,1.643363985051283505e-01,2.022679836901797867e-01,5.019364857774703814e-02,1.362953490952906743e-01,3.540382055357327307e-01,2.160432118944139446e-01,2.248672326090736528e-01
2.677758922379701659e-02,1.366810199314679071e-02,3.239749642298213050e-01,1.130177211784877123e-01,5.184437836349262696e-01,5.241675007138664466e-02,2.584269573821125765e-01,9.378027135632233113e-02,1.837445997626196634e-02,3.431045406973364797e-01,0.000000000000000000e+00,4.050212213568422231e-02,6.562703034056717455e-02,3.047221778585411031e-02,2.100791311600571365e-01,2.018289304503119164e-01,4.383274542910475802e-02,5.467417347963472729e-02,1.946484807093115665e-01
1.174005305428109935e-01,1.952558706269043876e-01,1.686023942988235935e-01,3.147706092242070208e-01,5.396245210698835670e-01,7.403373974518191736e-02,2.755366634488659594e-01,5.475516053042899650e-02,1.631714181942608630e-02,2.395658507956731353e-01,4.050212213568422231e-02,0.000000000000000000e+00,5.621426705693569059e-02,1.426339253584865963e-01,1.842675597591131587e-01,1.353795400550405759e-01,1.000359447354976228e-01,1.882464199385400216e-02,2.148741228832088401e-01
6.008474061429493196e-02,6.639532178243777449e-02,2.274913640638535073e-01,1.899063431345639485e-01,5.720965998207917513e-01,1.033012928992722568e-01,2.126011066101333724e-01,5.615430212643059138e-02,1.794825771185359214e-02,1.643363985051283505e-01,6.562703034056717455e-02,5.621426705693569059e-02,0.000000000000000000e+00,1.036144678328539820e-01,2.307320875839323493e-01,1.866467865897415701e-01,7.047107194925394946e-02,1.062279681046588153e-01,2.934402216307545053e-01
1.041842552019494328e-01,1.950615316206848471e-01,1.430387270309231851e-01,5.112180735837104084e-01,3.547933089790344940e-01,1.164209083713701048e-01,3.221945690062295586e-01,1.448667692521762029e-01,1.043400941761611217e-01,2.022679836901797867e-01,3.047221778585411031e-02,1.426339253584865963e-01,1.036144678328539820e-01,0.000000000000000000e+00,1.042162293169372339e-01,6.056283117585255921e-02,1.150374720767107922e-01,3.850569702881258966e-02,2.180394116089507950e-01
1.938913630919133491e-01,1.626095975138761585e-01,4.033450442495482152e-02,1.720839690428946911e-01,3.844334575805716248e-01,1.516131018221501814e-01,4.251466244140141848e-01,5.984445332251574212e-02,3.249252177612612091e-01,5.019364857774703814e-02,2.100791311600571365e-01,1.842675597591131587e-01,2.307320875839323493e-01,1.042162293169372339e-01,0.000000000000000000e+00,1.937054048022459618e-01,1.492890290490057614e-01,2.274399247302552884e-01,1.506154515270825833e-01
1.853657665804231691e-01,1.506105281718966293e-01,2.561596208950059350e-01,1.569716722282724353e-01,4.252822633874678848e-01,3.810537310894863278e-02,5.345707294172120649e-01,7.782767969211627779e-02,1.519120245483139009e-01,1.362953490952906743e-01,2.018289304503119164e-01,1.353795400550405759e-01,1.866467865897415701e-01,6.056283117585255921e-02,1.937054048022459618e-01,0.000000000000000000e+00,1.976212235666193195e-01,2.565964521264596510e-01,3.348819883037391643e-01
7.892618523065786373e-02,4.472709729498961645e-02,2.980554452392077946e-01,9.963432109198157305e-02,4.591076458746152777e-01,1.067994582896696423e-02,3.881177451179872451e-01,1.171614350390419723e-01,3.189347382265976527e-02,3.540382055357327307e-01,4.383274542910475802e-02,1.000359447354976228e-01,7.047107194925394946e-02,1.150374720767107922e-01,1.492890290490057614e-01,1.976212235666193195e-01,0.000000000000000000e+00,1.232748048551775694e-01,3.052421055316015264e-01
8.140860585426545892e-02,7.659912381739153453e-02,2.271271361518242271e-01,7.760744371580863277e-02,4.449709236076248575e-01,9.538043504927594396e-02,3.511593767694466961e-01,9.537691399253088453e-02,3.352668479234850729e-02,2.160432118944139446e-01,5.467417347963472729e-02,1.882464199385400216e-02,1.062279681046588153e-01,3.850569702881258966e-02,2.274399247302552884e-01,2.565964521264596510e-01,1.232748048551775694e-01,0.000000000000000000e+00,2.599800477100645546e-01
2.130977745373030530e-01,2.212052752274611678e-01,2.931513581765040066e-01,1.135025326417057751e-01,6.901935818945023060e-01,4.951418219864113512e-02,6.157117737981777639e-01,1.218356919905528163e-01,1.163127928094784824e-01,2.248672326090736528e-01,1.946484807093115665e-01,2.148741228832088401e-01,2.934402216307545053e-01,2.180394116089507950e-01,1.506154515270825833e-01,3.348819883037391643e-01,3.052421055316015264e-01,2.599800477100645546e-01,0.000000000000000000e+00
