0.000000000000000000e+00,-9.975194406330907537e-02,-1.143470347590812564e-01,-1.390575725093361747e-01,-1.091068017884290614e-01,-8.309427833743124325e-02,1.876786415300788491e-01,-4.691342994887719858e-02,-1.601720734648745537e-01,-1.206110393170320566e-01,-4.869312185465846793e-02,-1.280680752519700871e-01,-6.291389446672825125e-02,2.627212526168019591e-01,-3.536057950691598450e-02,-8.266399148547253287e-03,-4.464980928783775921e-03,1.842356356824430552e-01,5.591950493765675961e-02
-9.975194406330907537e-02,0.000000000000000000e+00,-2.763677542858485880e-01,-6.874840644237668885e-02,1.467997812516910472e-01,4.367069265192004973e-02,4.487082558936759252e-02,-2.972782151477694132e-02,-9.904431771071564236e-03,-8.782175967838527775e-02,3.383259217203144487e-01,1.738658314447436848e-01,1.500555432805764644e-01,2.492259472727916814e-01,4.146107536376448383e-02,-8.040598551400106320e-02,2.178474820729471018e-01,8.790159218807247488e-02,-3.147092039714379647e-02
-1.143470347590812564e-01,-2.763677542858485880e-01,0.000000000000000000e+00,2.525057400653896167e-01,-2.827275299542413023e-02,2.551604233379166642e-01,-4.045325427257274314e-02,2.884625450958541171e-01,-9.107410750422877121e-02,3.957991122074746432e-02,-1.176450521449959180e-01,-2.000004019792671617e-01,2.846708556750331964e-01,-1.978950778764949625e-01,1.546692792677591688e-01,-6.063678272690078280e-02,-1.072286702594033893e-02,-4.109721400575360589e-02,3.941208508743271888e-01
-1.390575725093361747e-01,-6.874840644237668885e-02,2.525057400653896167e-01,0.000000000000000000e+00,3.560094994232142988e-03,3.179124707002869976e-01,-1.336217636264994679e-01,7.445859546543275032e-02,-1.121240502508108333e-01,2.259582591098739830e-03,-1.216774379167588210e-01,8.505472253533867544e-02,4.053754178273585689e-03,-1.025491927522526742e-01,1.017662040468974710e-01,-1.223246096547581964e-02,1.189013337042866270e-01,-2.114780987142420368e-02,1.457378053995338207e-01
-1.091068017884290614e-01,1.467997812516910472e-01,-2.827275299542413023e-02,3.560094994232142988e-03,0.000000000000000000e+00,-1.279644084154389905e-01,-8.024464495994498847e-02,-1.157742976879312935e-01,4.480745009549724767e-02,1.057710866623549073e-01,-1.484235132034714688e-01,-1.130124705119746054e-01,-1.039142272941468853e-01,2.928576176568429765e-02,-5.565830572154312206e-02,-1.134219961736843835e-01,3.583642804168298279e-01,-6.304042862403404224e-02,-2.119383061178062577e-01
-8.309427833743124325e-02,4.367069265192004973e-02,2.551604233379166642e-01,3.179124707002869976e-01,-1.279644084154389905e-01,0.000000000000000000e+00,-3.789244842942249974e-02,1.169743497907847589e-02,-1.284829636009086201e-02,4.565806879404693541e-02,3.665560531615950079e-01,-1.399193863213808176e-01,-9.924463681696217565e-02,-9.348328627202306951e-02,3.595060264476589995e-01,-1.409850634924651180e-01,8.993346256703342589e-02,-1.106448596712085869e-01,6.802150715539227732e-02
1.876786415300788491e-01,4.487082558936759252e-02,-4.045325427257274314e-02,-1.336217636264994679e-01,-8.024464495994498847e-02,-3.789244842942249974e-02,0.000000000000000000e+00,-3.377723405200516813e-03,-1.520377360751357376e-01,3.297114431897978371e-01,-1.363496021312573248e-01,-1.322081423398489830e-02,-8.467043849376942877e-02,9.686904839923198354e-03,-1.198940919748662376e-02,1.195751651226961698e-01,-1.405075758755890414e-01,-1.343988997653657036e-01,1.920693804740075949e-01
-4.691342994887719858e-02,-2.972782151477694132e-02,2.884625450958541171e-01,7.445859546543275032e-02,-1.157742976879312935e-01,1.169743497907847589e-02,-3.377723405200516813e-03,0.000000000000000000e+00,-1.099655034363211104e-01,2.550324643354033305e-01,6.946482022991676275e-02,-5.522560279867894106e-02,-6.549272197423149089e-02,1.055743444467189818e-01,1.379443884993502845e-01,-1.376015355467251622e-01,2.176500499062870853e-01,1.384490525450322862e-01,-8.529282786173503217e-02
-1.601720734648745537e-01,-9.904431771071564236e-03,-9.107410750422877121e-02,-1.121240502508108333e-01,4.480745009549724767e-02,-1.284829636009086201e-02,-1.520377360751357376e-01,-1.099655034363211104e-01,0.000000000000000000e+00,-1.579683050604470396e-01,-2.049878435580987021e-02,-5.722068457798453606e-02,-1.109911104287293476e-01,2.827729193383396455e-01,-1.648085087741037735e-01,-4.606058301137239130e-02,-1.157225459485757418e-01,-6.232106990266381846e-02,-1.073244287813912706e-01
-1.206110393170320566e-01,-8.782175967838527775e-02,3.957991122074746432e-02,2.259582591098739830e-03,1.057710866623549073e-01,4.565806879404693541e-02,3.297114431897978371e-01,2.550324643354033305e-01,-1.579683050604470396e-01,0.000000000000000000e+00,-2.412007941133502767e-02,-1.107177394987085423e-01,5.377101529479494380e-02,1.629225672871036437e-02,1.117671066372723232e-02,-2.248830812107009691e-02,1.781372346719615474e-01,6.994384221410053504e-02,-9.198504146253765057e-02
-4.869312185465846793e-02,3.383259217203144487e-01,-1.176450521449959180e-01,-1.216774379167588210e-01,-1.484235132034714688e-01,3.665560531615950079e-01,-1.363496021312573248e-01,6.946482022991676275e-02,-2.049878435580987021e-02,-2.412007941133502767e-02,0.000000000000000000e+00,3.250408909829861082e-01,-1.256665330742768039e-01,1.975624841043858437e-01,-9.893863164291656631e-02,1.310311712058759293e-01,1.065686780966738079e-01,1.760328063100431023e-02,2.253445046744473323e-01
-1.280680752519700871e-01,1.738658314447436848e-01,-2.000004019792671617e-01,8.505472253533867544e-02,-1.130124705119746054e-01,-1.399193863213808176e-01,-1.322081423398489830e-02,-5.522560279867894106e-02,-5.722068457798453606e-02,-1.107177394987085423e-01,3.250408909829861082e-01,0.000000000000000000e+00,-1.755485319278615036e-02,1.349621523820093427e-01,-7.820241091301970149e-02,-1.422776350202325790e-01,-8.297654537057803925e-02,2.250658618694310886e-01,-7.590874369836586588e-02
-6.291389446672825125e-02,1.500555432805764644e-01,2.846708556750331964e-01,4.053754178273585689e-03,-1.039142272941468853e-01,-9.924463681696217565e-02,-8.467043849376942877e-02,-6.549272197423149089e-02,-1.109911104287293476e-01,5.377101529479494380e-02,-1.256665330742768039e-01,-1.755485319278615036e-02,0.000000000000000000e+00,-1.509728635718108614e-01,-7.880439096879918170e-02,1.868954668460613977e-01,-6.316522562654759698e-02,3.554906871307543514e-02,6.566787713415671301e-03
2.627212526168019591e-01,2.492259472727916814e-01,-1.978950778764949625e-01,-1.025491927522526742e-01,2.928576176568429765e-02,-9.348328627202306951e-02,9.686904839923198354e-03,1.055743444467189818e-01,2.827729193383396455e-01,1.629225672871036437e-02,1.975624841043858437e-01,1.349621523820093427e-01,-1.509728635718108614e-01,0.000000000000000000e+00,-2.180575637233923836e-02,-6.366055817586553645e-02,6.471066796283764244e-02,-1.202133205261428223e-01,5.501541625632415215e-03
-3.536057950691598450e-02,4.146107536376448383e-02,1.546692792677591688e-01,1.017662040468974710e-01,-5.565830572154312206e-02,3.595060264476589995e-01,-1.198940919748662376e-02,1.379443884993502845e-01,-1.648085087741037735e-01,1.117671066372723232e-02,-9.893863164291656631e-02,-7.820241091301970149e-02,-7.880439096879918170e-02,-2.180575637233923836e-02,0.000000000000000000e+00,-9.662973065523779159e-02,-2.939969543301172716e-02,3.322406057629615633e-02,-3.409509046169578728e-02
-8.266399148547253287e-03,-8.040598551400106320e-02,-6.063678272690078280e-02,-1.223246096547581964e-02,-1.134219961736843835e-01,-1.409850634924651180e-01,1.195751651226961698e-01,-1.376015355467251622e-01,-4.606058301137239130e-02,-2.248830812107009691e-02,1.310311712058759293e-01,-1.422776350202325790e-01,1.868954668460613977e-01,-6.366055817586553645e-02,-9.662973065523779159e-02,0.000000000000000000e+00,-1.572641191275196970e-01,9.994387367389438726e-02,-1.641111731771100757e-01
-4.464980928783775921e-03,2.178474820729471018e-01,-1.072286702594033893e-02,1.189013337042866270e-01,3.583642804168298279e-01,8.993346256703342589e-02,-1.405075758755890414e-01,2.176500499062870853e-01,-1.157225459485757418e-01,1.781372346719615474e-01,1.065686780966738079e-01,-8.297654537057803925e-02,-6.316522562654759698e-02,6.471066796283764244e-02,-2.939969543301172716e-02,-1.572641191275196970e-01,0.000000000000000000e+00,-9.204131273038214378e-03,-1.068690046606911165e-01
1.842356356824430552e-01,8.790159218807247488e-02,-4.109721400575360589e-02,-2.114780987142420368e-02,-6.304042862403404224e-02,-1.106448596712085869e-01,-1.343988997653657036e-01,1.384490525450322862e-01,-6.232106990266381846e-02,6.994384221410053504e-02,1.760328063100431023e-02,2.250658618694310886e-01,3.554906871307543514e-02,-1.202133205261428223e-01,3.322406057629615633e-02,9.994387367389438726e-02,-9.204131273038214378e-03,0.000000000000000000e+00,-3.838295563903813129e-02
5.591950493765675961e-02,-3.147092039714379647e-02,3.941208508743271888e-01,1.457378053995338207e-01,-2.119383061178062577e-01,6.802150715539227732e-02,1.920693804740075949e-01,-8.529282786173503217e-02,-1.073244287813912706e-01,-9.198504146253765057e-02,2.253445046744473323e-01,-7.590874369836586588e-02,6.566787713415671301e-03,5.501541625632415215e-03,-3.409509046169578728e-02,-1.641111731771100757e-01,-1.068690046606911165e-01,-3.838295563903813129e-02,0.000000000000000000e+00
