0.000000000000000000e+00,5.490940985895061480e-03,4.261331027388568643e-02,2.700320190152215652e-02,5.732291377098640978e-02,4.253377069491980772e-02,3.126782099994089570e-02,7.363091687439429593e-03,1.842468471142938088e-02,4.038831696045677710e-02,1.586455777165164671e-02,9.526861806203271860e-03,1.533687421246290178e-02,1.447224775348809715e-02,2.378615013754604296e-02,3.965665966735848480e-02,4.528813067323420732e-02,4.337920747917307224e-02,1.639273115590914737e-02
5.490940985895061480e-03,0.000000000000000000e+00,2.579882435136523697e-02,2.842399714944205194e-02,4.868985765710933528e-02,4.033853765423144749e-02,2.425720215498716401e-02,5.096649015556198661e-03,2.116523340665106556e-02,3.878304270776190138e-02,8.507068091304619689e-03,6.265794349379502637e-03,9.356294112405525235e-03,2.355263746501203015e-02,2.861089748442335184e-02,4.136352720996430699e-02,3.207785818268348715e-02,4.509610688145158919e-02,1.140675289700976425e-02
4.261331027388568643e-02,2.579882435136523697e-02,0.000000000000000000e+00,2.063278206180909138e-02,4.469163547355906041e-02,2.270749719110909393e-02,4.825674700536532191e-02,2.217072128728216768e-02,1.832730842272851934e-02,2.594743430845720261e-02,3.685236598566343780e-02,2.504522428549137147e-02,1.499376860341715759e-02,3.732538089951780574e-02,1.071031403337874624e-02,3.228610346807261888e-02,4.094448237072524643e-02,3.436637385046999865e-02,2.879685613846177591e-02
2.700320190152215652e-02,2.842399714944205194e-02,2.063278206180909138e-02,0.000000000000000000e+00,3.852240769278473392e-02,2.492102318995254376e-02,2.501297087154136928e-02,3.006982500290752026e-03,1.826587995076987825e-02,1.954728606909996239e-02,2.671051791409391474e-02,9.319053463009157809e-03,1.831052667242321491e-02,4.253693302716709396e-02,2.540030785978428240e-02,2.265325263151563365e-02,1.108730992730294976e-02,3.518310927903849084e-02,3.257913265818182871e-03
5.732291377098640978e-02,4.868985765710933528e-02,4.469163547355906041e-02,3.852240769278473392e-02,0.000000000000000000e+00,1.935598250736527554e-02,7.361495145097214643e-02,2.948831907365053254e-02,5.061757849278186033e-02,2.020906266755387315e-02,5.789795068300515601e-02,4.052034685987141588e-02,5.925865871481079267e-02,4.802193657089810774e-02,6.870955460096750400e-02,1.121752904019573081e-02,3.831913082880684940e-02,3.367880512796250086e-02,3.554837877404827540e-02
4.253377069491980772e-02,4.033853765423144749e-02,2.270749719110909393e-02,2.492102318995254376e-02,1.935598250736527554e-02,0.000000000000000000e+00,2.999424854578479002e-02,2.134584168404662224e-02,1.994212212669921672e-02,1.993238209952229514e-02,4.066647369606761486e-02,2.471470800179489946e-02,4.168866384291934624e-02,6.633457945776399800e-02,1.748419229356493187e-02,-2.691782835256882524e-03,1.954395043661687897e-02,2.593378504701899026e-02,1.704737159814830733e-02
3.126782099994089570e-02,2.425720215498716401e-02,4.825674700536532191e-02,2.501297087154136928e-02,7.361495145097214643e-02,2.999424854578479002e-02,0.000000000000000000e+00,4.122476225985205467e-02,1.116380349994753468e-01,1.159621624078000096e-01,3.806122397186782053e-02,1.958469344310428961e-02,8.423522576156002029e-02,2.487681037661463104e-02,1.994790757427348238e-01,6.926779545367033053e-02,3.545584170026007398e-02,6.073247886224657222e-02,8.541107950224048617e-02
7.363091687439429593e-03,5.096649015556198661e-03,2.217072128728216768e-02,3.006982500290752026e-03,2.948831907365053254e-02,2.134584168404662224e-02,4.122476225985205467e-02,0.000000000000000000e+00,2.459163986416834646e-02,1.226417063846069883e-01,2.162480362558666727e-02,9.055048013655394093e-03,1.835713905550172623e-02,1.080398355799991675e-02,2.578758168297660969e-02,1.346846862865613281e-01,6.486563803033084351e-03,1.091705272046325850e-02,2.542021780022759095e-02
1.842468471142938088e-02,2.116523340665106556e-02,1.832730842272851934e-02,1.826587995076987825e-02,5.061757849278186033e-02,1.994212212669921672e-02,1.116380349994753468e-01,2.459163986416834646e-02,0.000000000000000000e+00,9.872923261655237870e-02,2.043707789794289853e-02,2.437159536194989998e-02,3.381081887735309238e-02,2.500071204196073482e-02,6.463017565460237035e-02,4.858966453597399204e-02,1.687354256010863487e-02,3.743472882230013815e-02,7.994541036611582663e-02
4.038831696045677710e-02,3.878304270776190138e-02,2.594743430845720261e-02,1.954728606909996239e-02,2.020906266755387315e-02,1.993238209952229514e-02,1.159621624078000096e-01,1.226417063846069883e-01,9.872923261655237870e-02,0.000000000000000000e+00,5.118107700935429355e-02,3.148468496320381421e-02,5.852020534435139337e-02,4.032229907355758952e-02,4.857115571017703304e-02,5.827931871675063463e-02,1.776891578173782696e-02,1.204427327680275203e-02,1.039733843701938915e-01
1.586455777165164671e-02,8.507068091304619689e-03,3.685236598566343780e-02,2.671051791409391474e-02,5.789795068300515601e-02,4.066647369606761486e-02,3.806122397186782053e-02,2.162480362558666727e-02,2.043707789794289853e-02,5.118107700935429355e-02,0.000000000000000000e+00,2.359230239664936168e-02,8.919577076998506243e-03,2.996057984792209125e-02,1.251254719119088143e-02,5.406408304610040017e-02,3.554658944966201245e-02,4.641137018272187970e-02,3.094627180533455688e-02
9.526861806203271860e-03,6.265794349379502637e-03,2.504522428549137147e-02,9.319053463009157809e-03,4.052034685987141588e-02,2.471470800179489946e-02,1.958469344310428961e-02,9.055048013655394093e-03,2.437159536194989998e-02,3.148468496320381421e-02,2.359230239664936168e-02,0.000000000000000000e+00,3.184053137488785518e-02,4.365042887140495320e-02,3.698287255382808753e-02,2.462163921804271655e-02,1.682308910618734998e-02,3.773219952594014659e-02,1.380385833316248242e-02
1.533687421246290178e-02,9.356294112405525235e-03,1.499376860341715759e-02,1.831052667242321491e-02,5.925865871481079267e-02,4.168866384291934624e-02,8.423522576156002029e-02,1.835713905550172623e-02,3.381081887735309238e-02,5.852020534435139337e-02,8.919577076998506243e-03,3.184053137488785518e-02,0.000000000000000000e+00,4.210284483604970901e-02,2.459001829257822722e-02,3.924139060333839413e-02,1.884905986583298304e-02,3.701102949621511151e-02,5.150869275026825206e-02
1.447224775348809715e-02,2.355263746501203015e-02,3.732538089951780574e-02,4.253693302716709396e-02,4.802193657089810774e-02,6.633457945776399800e-02,2.487681037661463104e-02,1.080398355799991675e-02,2.500071204196073482e-02,4.032229907355758952e-02,2.996057984792209125e-02,4.365042887140495320e-02,4.210284483604970901e-02,0.000000000000000000e+00,4.425192658323068295e-02,3.598083358245378338e-02,3.786346092502530791e-02,5.110056061434257307e-02,2.143260392751135043e-02
2.378615013754604296e-02,2.861089748442335184e-02,1.071031403337874624e-02,2.540030785978428240e-02,6.870955460096750400e-02,1.748419229356493187e-02,1.994790757427348238e-01,2.578758168297660969e-02,6.463017565460237035e-02,4.857115571017703304e-02,1.251254719119088143e-02,3.698287255382808753e-02,2.459001829257822722e-02,4.425192658323068295e-02,0.000000000000000000e+00,2.279400035558246107e-02,1.607101395955494796e-02,2.939701916590945971e-02,9.174253144264092608e-02
3.965665966735848480e-02,4.136352720996430699e-02,3.228610346807261888e-02,2.265325263151563365e-02,1.121752904019573081e-02,-2.691782835256882524e-03,6.926779545367033053e-02,1.346846862865613281e-01,4.858966453597399204e-02,5.827931871675063463e-02,5.406408304610040017e-02,2.462163921804271655e-02,3.924139060333839413e-02,3.598083358245378338e-02,2.279400035558246107e-02,0.000000000000000000e+00,2.845880609252440796e-02,1.148536025923263884e-02,7.099630255818535629e-02
4.528813067323420732e-02,3.207785818268348715e-02,4.094448237072524643e-02,1.108730992730294976e-02,3.831913082880684940e-02,1.954395043661687897e-02,3.545584170026007398e-02,6.486563803033084351e-03,1.687354256010863487e-02,1.776891578173782696e-02,3.554658944966201245e-02,1.682308910618734998e-02,1.884905986583298304e-02,3.786346092502530791e-02,1.607101395955494796e-02,2.845880609252440796e-02,0.000000000000000000e+00,2.440197743988671564e-02,9.429521799612714320e-03
4.337920747917307224e-02,4.509610688145158919e-02,3.436637385046999865e-02,3.518310927903849084e-02,3.367880512796250086e-02,2.593378504701899026e-02,6.073247886224657222e-02,1.091705272046325850e-02,3.743472882230013815e-02,1.204427327680275203e-02,4.641137018272187970e-02,3.773219952594014659e-02,3.701102949621511151e-02,5.110056061434257307e-02,2.939701916590945971e-02,1.148536025923263884e-02,2.440197743988671564e-02,0.000000000000000000e+00,1.752500384336978106e-02
1.639273115590914737e-02,1.140675289700976425e-02,2.879685613846177591e-02,3.257913265818182871e-03,3.554837877404827540e-02,1.704737159814830733e-02,8.541107950224048617e-02,2.542021780022759095e-02,7.994541036611582663e-02,1.039733843701938915e-01,3.094627180533455688e-02,1.380385833316248242e-02,5.150869275026825206e-02,2.143260392751135043e-02,9.174253144264092608e-02,7.099630255818535629e-02,9.429521799612714320e-03,1.752500384336978106e-02,0.000000000000000000e+00
