0.000000000000000000e+00,8.594582816765282407e-02,3.570879331731482281e-02,1.226809224083941635e-01,3.164456720871954010e-02,1.685371628577330971e-01,1.187500004961433431e-01,1.068117911532795589e-01,2.473824081446840961e-01,7.661234882359280185e-02,1.197833368144373550e-01,2.881291021605110469e-02,1.291002263912817971e-01,1.015717181925543666e-01,6.839611440694665090e-02,2.471907826911914074e-01,1.606762304405931763e-01,1.623430354885342097e-01,4.602399750520289046e-02
8.594582816765282407e-02,0.000000000000000000e+00,5.303635085450126435e-02,8.015042049258551404e-02,3.919846588976920454e-02,1.324548037957276048e-01,1.335127883208433175e-01,8.857949058096149797e-02,2.226140160181241112e-01,2.301203796611024990e-02,1.282069097586140405e-01,1.401264437221890619e-02,1.251925673943202200e-01,1.175031672633597007e-01,8.353507788888810126e-02,1.862767419803710855e-01,6.805850344775603300e-02,1.390563405053762691e-01,6.131492196037903464e-02
3.570879331731482281e-02,5.303635085450126435e-02,0.000000000000000000e+00,1.621745748611187476e-01,7.746669085084943729e-02,1.342560720210438097e-01,7.450230733708386455e-02,9.850957449803836308e-02,2.397956930486412619e-01,8.114950556005839921e-02,5.684602501375096012e-02,3.111857972210571588e-02,1.805574077773868247e-01,4.857958881565008907e-02,3.711829956880858400e-02,2.379913855670234279e-01,2.513109853002613026e-01,1.094420550203178133e-01,6.216728940131883291e-02
1.226809224083941635e-01,8.015042049258551404e-02,1.621745748611187476e-01,0.000000000000000000e+00,4.206253723476087447e-02,1.116369190973054981e-01,1.313160373810818016e-01,1.105793658150466680e-01,2.793409933868769013e-01,6.525569744742067135e-02,1.557151286694268000e-01,8.567004969708529039e-02,1.334427715162360695e-01,1.958579785713058796e-01,9.822411421993296199e-02,1.667855838628856391e-01,2.660165098483053409e-02,1.150876974266654695e-01,8.029214019251269818e-02
3.164456720871954010e-02,3.919846588976920454e-02,7.746669085084943729e-02,4.206253723476087447e-02,0.000000000000000000e+00,3.950880827998404232e-02,7.997653662736284308e-02,3.053273359428182107e-02,1.149524560472209023e-01,2.211975333973595706e-02,1.779515401638810668e-02,2.804820947418519214e-02,1.376687390469650552e-01,2.549071183806521715e-02,1.553926935986737479e-01,1.557898698945022475e-01,7.663112306602325174e-02,6.835645442233123648e-02,2.661733716029360958e-02
1.685371628577330971e-01,1.324548037957276048e-01,1.342560720210438097e-01,1.116369190973054981e-01,3.950880827998404232e-02,0.000000000000000000e+00,1.057995744948839190e-01,2.173322787684752455e-01,1.146630049846726895e-01,1.697556378745199712e-01,1.261087933101776304e-01,1.084520923243573881e-01,9.864352774038176452e-02,2.091740207127419926e-01,6.339591728517084135e-02,2.001612214679444057e-01,1.358711531395103977e-01,4.944976335579467225e-02,1.459805906044877866e-01
1.187500004961433431e-01,1.335127883208433175e-01,7.450230733708386455e-02,1.313160373810818016e-01,7.997653662736284308e-02,1.057995744948839190e-01,0.000000000000000000e+00,1.026746177720195552e-01,2.021837550776248160e-01,1.023686057469357230e-01,6.354428337132898841e-02,1.031379608369257794e-01,3.271136025194502917e-02,2.265915898079522844e-02,2.399458119024084624e-01,1.623171518946858183e-01,1.369690425898718034e-01,1.439809593493673323e-01,1.449907853850575246e-01
1.068117911532795589e-01,8.857949058096149797e-02,9.850957449803836308e-02,1.105793658150466680e-01,3.053273359428182107e-02,2.173322787684752455e-01,1.026746177720195552e-01,0.000000000000000000e+00,1.605642145380564156e-01,2.110072594605100771e-01,1.546897159217267281e-01,7.760200543101272719e-02,2.753780032237774789e-01,1.302052404290453824e-01,6.048958300002307831e-02,3.078416549993607809e-01,1.100238265962630996e-01,1.555473415688609362e-01,3.903926089122016635e-02
2.473824081446840961e-01,2.226140160181241112e-01,2.397956930486412619e-01,2.793409933868769013e-01,1.149524560472209023e-01,1.146630049846726895e-01,2.021837550776248160e-01,1.605642145380564156e-01,0.000000000000000000e+00,1.872572947826097456e-01,1.678665511999543336e-01,2.373176832512872425e-01,6.269278516681425772e-02,5.555950035906592754e-02,1.530743245326600666e-01,2.543965508066616810e-01,2.899536518733442092e-01,2.284570883163676291e-01,1.843129356028800625e-01
7.661234882359280185e-02,2.301203796611024990e-02,8.114950556005839921e-02,6.525569744742067135e-02,2.211975333973595706e-02,1.697556378745199712e-01,1.023686057469357230e-01,2.110072594605100771e-01,1.872572947826097456e-01,0.000000000000000000e+00,1.322305947899525824e-01,3.834586834601297345e-02,2.064558452054726101e-01,1.071407097613656240e-01,6.805027573078489822e-02,2.890802891513910011e-01,6.856122754122233320e-02,1.592670329618979808e-01,8.174720510063200607e-02
1.197833368144373550e-01,1.282069097586140405e-01,5.684602501375096012e-02,1.557151286694268000e-01,1.779515401638810668e-02,1.261087933101776304e-01,6.354428337132898841e-02,1.546897159217267281e-01,1.678665511999543336e-01,1.322305947899525824e-01,0.000000000000000000e+00,8.966086465002859329e-02,2.008575333980293365e-01,3.315797928404284195e-02,3.770010353195279995e-02,2.765712095747453469e-01,1.841973384719223783e-01,1.535005924489353524e-01,6.153812910796342683e-02
2.881291021605110469e-02,1.401264437221890619e-02,3.111857972210571588e-02,8.567004969708529039e-02,2.804820947418519214e-02,1.084520923243573881e-01,1.031379608369257794e-01,7.760200543101272719e-02,2.373176832512872425e-01,3.834586834601297345e-02,8.966086465002859329e-02,0.000000000000000000e+00,9.612847393444427790e-02,1.383175328604779597e-01,9.575360268701779698e-02,1.843785987604143750e-01,7.699636867196843482e-02,1.662392075529676161e-01,4.362412154041688667e-02
1.291002263912817971e-01,1.251925673943202200e-01,1.805574077773868247e-01,1.334427715162360695e-01,1.376687390469650552e-01,9.864352774038176452e-02,3.271136025194502917e-02,2.753780032237774789e-01,6.269278516681425772e-02,2.064558452054726101e-01,2.008575333980293365e-01,9.612847393444427790e-02,0.000000000000000000e+00,8.013554653108746761e-03,1.095814070172920623e-01,3.094794140977075170e-01,1.932442843204411342e-01,1.454197287675492167e-01,1.291730665386018884e-01
1.015717181925543666e-01,1.175031672633597007e-01,4.857958881565008907e-02,1.958579785713058796e-01,2.549071183806521715e-02,2.091740207127419926e-01,2.265915898079522844e-02,1.302052404290453824e-01,5.555950035906592754e-02,1.071407097613656240e-01,3.315797928404284195e-02,1.383175328604779597e-01,8.013554653108746761e-03,0.000000000000000000e+00,8.808873589408083848e-02,1.933495589012975968e-01,1.524113612928008066e-01,1.991652284887230340e-01,8.045368422966403532e-02
6.839611440694665090e-02,8.353507788888810126e-02,3.711829956880858400e-02,9.822411421993296199e-02,1.553926935986737479e-01,6.339591728517084135e-02,2.399458119024084624e-01,6.048958300002307831e-02,1.530743245326600666e-01,6.805027573078489822e-02,3.770010353195279995e-02,9.575360268701779698e-02,1.095814070172920623e-01,8.808873589408083848e-02,0.000000000000000000e+00,1.166657253168173619e-01,7.083220422552229112e-02,1.525591316260042907e-01,1.057859562407059972e-01
2.471907826911914074e-01,1.862767419803710855e-01,2.379913855670234279e-01,1.667855838628856391e-01,1.557898698945022475e-01,2.001612214679444057e-01,1.623171518946858183e-01,3.078416549993607809e-01,2.543965508066616810e-01,2.890802891513910011e-01,2.765712095747453469e-01,1.843785987604143750e-01,3.094794140977075170e-01,1.933495589012975968e-01,1.166657253168173619e-01,0.000000000000000000e+00,1.616264795025522116e-01,5.472746592418094302e-02,1.256154350214920279e-01
1.606762304405931763e-01,6.805850344775603300e-02,2.513109853002613026e-01,2.660165098483053409e-02,7.663112306602325174e-02,1.358711531395103977e-01,1.369690425898718034e-01,1.100238265962630996e-01,2.899536518733442092e-01,6.856122754122233320e-02,1.841973384719223783e-01,7.699636867196843482e-02,1.932442843204411342e-01,1.524113612928008066e-01,7.083220422552229112e-02,1.616264795025522116e-01,0.000000000000000000e+00,9.912551510068240423e-02,7.983331668176162077e-02
1.623430354885342097e-01,1.390563405053762691e-01,1.094420550203178133e-01,1.150876974266654695e-01,6.835645442233123648e-02,4.944976335579467225e-02,1.439809593493673323e-01,1.555473415688609362e-01,2.284570883163676291e-01,1.592670329618979808e-01,1.535005924489353524e-01,1.662392075529676161e-01,1.454197287675492167e-01,1.991652284887230340e-01,1.525591316260042907e-01,5.472746592418094302e-02,9.912551510068240423e-02,0.000000000000000000e+00,1.054955386952838858e-01
4.602399750520289046e-02,6.131492196037903464e-02,6.216728940131883291e-02,8.029214019251269818e-02,2.661733716029360958e-02,1.459805906044877866e-01,1.449907853850575246e-01,3.903926089122016635e-02,1.843129356028800625e-01,8.174720510063200607e-02,6.153812910796342683e-02,4.362412154041688667e-02,1.291730665386018884e-01,8.045368422966403532e-02,1.057859562407059972e-01,1.256154350214920279e-01,7.983331668176162077e-02,1.054955386952838858e-01,0.000000000000000000e+00
