0.000000000000000000e+00,5.182524241889365640e-02,8.055123612299317989e-03,7.553066733755627038e-02,5.455735278426981742e-03,5.550597477549183006e-02,1.711725330544814835e-02,-5.864679299940236956e-03,-1.018734815209568906e-02,-1.459350689162845251e-02,-6.615099209119595057e-03,5.864009603170012436e-02,-5.128770651526557908e-03,7.891773451266971551e-02,-6.326810823540494032e-03,5.135870236510631237e-03,5.561663186765639783e-02,3.107545490234175922e-02,2.716237943882763000e-03
5.182524241889365640e-02,0.000000000000000000e+00,-1.431462903820159872e-02,5.213437741826698613e-02,-9.983799326245388142e-03,2.859644293032065007e-02,-7.617403784914301111e-03,-1.556899477365715316e-02,-1.621095069599735525e-02,-1.559615237091240871e-02,1.816402343470703215e-02,3.943653602067122982e-02,-1.590953385910620632e-02,4.198113743837048745e-02,-1.510277716389114323e-02,-5.299512814787479820e-03,6.736665966172256971e-03,5.355596268038382950e-03,-1.183711536615494365e-02
8.055123612299317989e-03,-1.431462903820159872e-02,0.000000000000000000e+00,1.552930206875483866e-02,4.061517088039315153e-03,1.682234239089227049e-02,-2.730549788139974374e-03,-1.576168133852112394e-02,-1.533079902772270520e-02,-1.474026397226536195e-02,6.738534378365375332e-02,5.195815941073677648e-03,-1.573817834258701628e-02,1.450051294817087527e-02,-1.408964592218239602e-02,-1.242662281569792936e-02,1.592201333671116117e-02,1.452535451429127177e-02,-7.660505496315869224e-03
7.553066733755627038e-02,5.213437741826698613e-02,1.552930206875483866e-02,0.000000000000000000e+00,8.451026628827766271e-03,-9.203107681163889484e-03,-1.066811552820878806e-02,-5.212586840301268627e-03,-9.076594054673516043e-03,3.987347068895403732e-03,5.482392111404249535e-02,-1.676272013809444739e-02,-3.345438030351291416e-03,-1.292646188307204451e-02,-7.039585087537463502e-03,-1.211783111335146962e-03,-8.571158997529708737e-03,-1.127374246906583978e-02,-8.505387420451634983e-03
5.455735278426981742e-03,-9.983799326245388142e-03,4.061517088039315153e-03,8.451026628827766271e-03,0.000000000000000000e+00,1.886009620026639702e-02,-6.731945632133491848e-03,-9.044193934033510976e-03,-1.414086733497134894e-02,-1.164908911509057211e-02,3.826237745847988619e-02,3.644759641715151089e-03,-1.381451153280671869e-02,1.218213350778101466e-02,-1.338620216851464824e-02,-2.832352049989722217e-03,3.889877080252769626e-03,1.919138567139938231e-02,-1.020587291757850228e-02
5.550597477549183006e-02,2.859644293032065007e-02,1.682234239089227049e-02,-9.203107681163889484e-03,1.886009620026639702e-02,0.000000000000000000e+00,-4.538733780117058282e-03,2.085169930943757063e-02,-2.216126543543822484e-03,2.115345620602665858e-02,5.051109040506183284e-02,-1.287222436727389167e-02,-1.032773851401114391e-03,-1.503043538871343988e-02,2.090676046038605299e-03,1.146368250035672241e-02,-4.434200433979130530e-03,-3.183549494289497715e-03,3.190916334141003299e-03
1.711725330544814835e-02,-7.617403784914301111e-03,-2.730549788139974374e-03,-1.066811552820878806e-02,-6.731945632133491848e-03,-4.538733780117058282e-03,0.000000000000000000e+00,-2.029885266305554801e-03,-7.214303230238284202e-03,3.337217733533826090e-03,3.286900127694643986e-02,-1.155310703130695872e-02,3.593516543692438017e-03,-6.369224135431874635e-03,1.391065250213334957e-02,1.747379292473920376e-04,-1.422351934527450734e-02,-1.008403483667600666e-02,-1.628738908894147505e-02
-5.864679299940236956e-03,-1.556899477365715316e-02,-1.576168133852112394e-02,-5.212586840301268627e-03,-9.044193934033510976e-03,2.085169930943757063e-02,-2.029885266305554801e-03,0.000000000000000000e+00,-1.563327718861021870e-02,-9.692796086676985085e-03,-6.777263277842636218e-04,-9.225726657060739216e-03,-1.618535359369756635e-02,5.057714779520133819e-04,-1.444858777586723909e-02,-1.022277734402744775e-02,-8.298736424789067770e-03,1.118066917554722504e-02,1.508931106730642714e-02
-1.018734815209568906e-02,-1.621095069599735525e-02,-1.533079902772270520e-02,-9.076594054673516043e-03,-1.414086733497134894e-02,-2.216126543543822484e-03,-7.214303230238284202e-03,-1.563327718861021870e-02,0.000000000000000000e+00,-9.518613682393593442e-03,-2.516872870012733156e-03,-8.804017234176108112e-03,-1.385160613659762452e-02,-3.942419382557752795e-03,-1.077611301644810539e-02,-1.109815565798818841e-02,-1.179774194129694191e-02,-4.499716306392912736e-03,-1.368717138251552938e-02
-1.459350689162845251e-02,-1.559615237091240871e-02,-1.474026397226536195e-02,3.987347068895403732e-03,-1.164908911509057211e-02,2.115345620602665858e-02,3.337217733533826090e-03,-9.692796086676985085e-03,-9.518613682393593442e-03,0.000000000000000000e+00,-8.296719460064008733e-03,1.270060111118524694e-03,-1.697871083394313432e-02,1.132991074201180302e-02,-1.602097849428227305e-02,-6.048807428253981551e-03,-2.965059247531164760e-03,7.747515985584461223e-03,2.066190098331709829e-03
-6.615099209119595057e-03,1.816402343470703215e-02,6.738534378365375332e-02,5.482392111404249535e-02,3.826237745847988619e-02,5.051109040506183284e-02,3.286900127694643986e-02,-6.777263277842636218e-04,-2.516872870012733156e-03,-8.296719460064008733e-03,0.000000000000000000e+00,4.204223114624466850e-02,4.384205481721878926e-03,6.122320247729625547e-02,7.015715204389138919e-03,5.734106420385795717e-03,5.500825196059829642e-02,3.666452574015548888e-02,1.094131940764333372e-02
5.864009603170012436e-02,3.943653602067122982e-02,5.195815941073677648e-03,-1.676272013809444739e-02,3.644759641715151089e-03,-1.287222436727389167e-02,-1.155310703130695872e-02,-9.225726657060739216e-03,-8.804017234176108112e-03,1.270060111118524694e-03,4.204223114624466850e-02,0.000000000000000000e+00,-4.958416656209056923e-03,-6.858582677699699530e-03,-7.577184376659971271e-03,-2.597241786405749247e-03,-1.125320749212807558e-02,-1.324240478925265557e-02,-9.859766329965593754e-03
-5.128770651526557908e-03,-1.590953385910620632e-02,-1.573817834258701628e-02,-3.345438030351291416e-03,-1.381451153280671869e-02,-1.032773851401114391e-03,3.593516543692438017e-03,-1.618535359369756635e-02,-1.385160613659762452e-02,-1.697871083394313432e-02,4.384205481721878926e-03,-4.958416656209056923e-03,0.000000000000000000e+00,4.033454147813141620e-03,-4.647472283977435899e-03,-7.339983013789579298e-03,-7.575496740716912425e-03,-5.113094656023700092e-03,-1.120846025898779991e-02
7.891773451266971551e-02,4.198113743837048745e-02,1.450051294817087527e-02,-1.292646188307204451e-02,1.218213350778101466e-02,-1.503043538871343988e-02,-6.369224135431874635e-03,5.057714779520133819e-04,-3.942419382557752795e-03,1.132991074201180302e-02,6.122320247729625547e-02,-6.858582677699699530e-03,4.033454147813141620e-03,0.000000000000000000e+00,-2.397867583231302804e-03,5.543228325558460269e-03,-5.773134000716213625e-03,-8.041148222671412257e-03,-3.607529718644608609e-03
-6.326810823540494032e-03,-1.510277716389114323e-02,-1.408964592218239602e-02,-7.039585087537463502e-03,-1.338620216851464824e-02,2.090676046038605299e-03,1.391065250213334957e-02,-1.444858777586723909e-02,-1.077611301644810539e-02,-1.602097849428227305e-02,7.015715204389138919e-03,-7.577184376659971271e-03,-4.647472283977435899e-03,-2.397867583231302804e-03,0.000000000000000000e+00,-1.249115961106898008e-02,-8.395682804568311078e-03,-5.639281812956319345e-04,-6.760372483932200471e-03
5.135870236510631237e-03,-5.299512814787479820e-03,-1.242662281569792936e-02,-1.211783111335146962e-03,-2.832352049989722217e-03,1.146368250035672241e-02,1.747379292473920376e-04,-1.022277734402744775e-02,-1.109815565798818841e-02,-6.048807428253981551e-03,5.734106420385795717e-03,-2.597241786405749247e-03,-7.339983013789579298e-03,5.543228325558460269e-03,-1.249115961106898008e-02,0.000000000000000000e+00,-4.683316250721497251e-03,5.791544318540953196e-03,1.988401675102411791e-03
5.561663186765639783e-02,6.736665966172256971e-03,1.592201333671116117e-02,-8.571158997529708737e-03,3.889877080252769626e-03,-4.434200433979130530e-03,-1.422351934527450734e-02,-8.298736424789067770e-03,-1.179774194129694191e-02,-2.965059247531164760e-03,5.500825196059829642e-02,-1.125320749212807558e-02,-7.575496740716912425e-03,-5.773134000716213625e-03,-8.395682804568311078e-03,-4.683316250721497251e-03,0.000000000000000000e+00,-6.075470617512163281e-03,-1.362233694779644601e-02
3.107545490234175922e-02,5.355596268038382950e-03,1.452535451429127177e-02,-1.127374246906583978e-02,1.919138567139938231e-02,-3.183549494289497715e-03,-1.008403483667600666e-02,1.118066917554722504e-02,-4.499716306392912736e-03,7.747515985584461223e-03,3.666452574015548888e-02,-1.324240478925265557e-02,-5.113094656023700092e-03,-8.041148222671412257e-03,-5.639281812956319345e-04,5.791544318540953196e-03,-6.075470617512163281e-03,0.000000000000000000e+00,-6.096495971880176550e-03
2.716237943882763000e-03,-1.183711536615494365e-02,-7.660505496315869224e-03,-8.505387420451634983e-03,-1.020587291757850228e-02,3.190916334141003299e-03,-1.628738908894147505e-02,1.508931106730642714e-02,-1.368717138251552938e-02,2.066190098331709829e-03,1.094131940764333372e-02,-9.859766329965593754e-03,-1.120846025898779991e-02,-3.607529718644608609e-03,-6.760372483932200471e-03,1.988401675102411791e-03,-1.362233694779644601e-02,-6.096495971880176550e-03,0.000000000000000000e+00
