0.000000000000000000e+00,6.230972907901979711e-03,-2.293448802339908502e-03,-1.091190578691670666e-02,-8.062544913850595504e-03,-2.413603279820103996e-03,3.945359200073059874e-02,-1.358944796485764966e-02,6.768815906240706337e-02,-1.685950941260959401e-02,-1.366712009214517305e-02,-1.522243904484825612e-02,-5.437515257859501516e-03,1.062256153252063087e-03,1.516582040428212513e-02,1.778142445232419253e-02,9.309928096647050039e-03,-1.660117877436477485e-02,-5.677913284068586940e-03
6.230972907901979711e-03,0.000000000000000000e+00,-7.987660706403474503e-03,-1.573803847526631869e-02,-6.723325074055166994e-03,1.012453665968628992e-02,3.414838063973148902e-02,-8.980766001976293531e-03,7.194174973222598746e-02,-1.669983747319334424e-02,8.699075579510677850e-04,-6.517139324435986675e-03,6.958545018645256354e-03,2.577315566624596363e-02,1.062121667949828679e-02,3.940992979587435580e-02,-5.660817927166599851e-03,-1.643087597592536933e-02,-7.491214726000103297e-03
-2.293448802339908502e-03,-7.987660706403474503e-03,0.000000000000000000e+00,-1.315185668998575946e-02,-4.137965651805573098e-05,-3.197461154730420825e-04,3.788159202527534991e-02,-1.544265359079335237e-02,5.459594010547441645e-02,-1.711362823589381021e-02,-1.109922979690249577e-02,-1.414095637392877823e-02,-8.691913144445133702e-03,-5.912047826252392162e-03,2.775499230430675691e-03,7.758231868838769141e-03,-3.330826766731991104e-03,-1.627493317450648749e-02,-2.506760888902198614e-03
-1.091190578691670666e-02,-1.573803847526631869e-02,-1.315185668998575946e-02,0.000000000000000000e+00,-2.897122861043582593e-03,2.510177894649674724e-02,3.754737986763689167e-02,-6.246020648759192766e-03,6.548298581051771594e-02,-1.440403103566947202e-02,-5.269460429870406748e-03,-2.479151667087080638e-03,-1.037878302564712135e-04,4.569708523701821595e-02,7.974725033844838606e-03,7.221158023423962513e-02,-8.349886636863179321e-03,-1.511336139879122277e-02,-5.777736121371490445e-03
-8.062544913850595504e-03,-6.723325074055166994e-03,-4.137965651805573098e-05,-2.897122861043582593e-03,0.000000000000000000e+00,2.564819598438913828e-02,2.997919120682279379e-02,-8.578013225895117499e-03,2.992744713136355136e-02,-1.329999108684558166e-02,-9.821796995802151500e-03,-9.986799261527507313e-03,-1.566389687482656196e-02,-1.274395402593599515e-03,5.799945174612738258e-03,-1.201938845750039281e-03,8.429956934103005617e-04,1.324944955431461846e-02,-1.411341520275114121e-02
-2.413603279820103996e-03,1.012453665968628992e-02,-3.197461154730420825e-04,2.510177894649674724e-02,2.564819598438913828e-02,0.000000000000000000e+00,7.431937179603255450e-02,1.052460610813690280e-02,1.057204286734487048e-01,-1.334836207943294710e-02,-1.193397613991876993e-02,3.874122045282197072e-03,-6.941869627774347080e-03,2.221921553425588308e-03,5.340917224607476949e-02,-3.402551984963620834e-03,1.327102348933165143e-02,-1.487544006648317853e-02,5.407236426008339009e-03
3.945359200073059874e-02,3.414838063973148902e-02,3.788159202527534991e-02,3.754737986763689167e-02,2.997919120682279379e-02,7.431937179603255450e-02,0.000000000000000000e+00,3.850514056189793810e-02,2.190317212748497597e-02,-1.392523530706078587e-03,1.627071377187298482e-02,3.295097056159943666e-02,6.436674243858163565e-03,3.474708715137656001e-02,9.927591641533041900e-04,8.511829371823965984e-03,3.919487845449847602e-02,1.225231342012167990e-01,1.224241479116987136e-01
-1.358944796485764966e-02,-8.980766001976293531e-03,-1.544265359079335237e-02,-6.246020648759192766e-03,-8.578013225895117499e-03,1.052460610813690280e-02,3.850514056189793810e-02,0.000000000000000000e+00,9.681288090171569216e-02,7.976890741174526636e-03,-1.530065208913090370e-02,-1.080600006011160630e-02,-1.256244585408588556e-02,-1.265290416103385940e-02,4.054545973396220943e-02,-7.743304677905043197e-03,-9.186400825993137551e-03,1.413507723830859965e-02,1.764651070074860521e-03
6.768815906240706337e-02,7.194174973222598746e-02,5.459594010547441645e-02,6.548298581051771594e-02,2.992744713136355136e-02,1.057204286734487048e-01,2.190317212748497597e-02,9.681288090171569216e-02,0.000000000000000000e+00,2.316531867738625197e-02,4.125009870256680228e-02,7.697397884006192126e-02,1.176618330333641972e-02,7.088472809954839138e-02,-5.244375060721143296e-03,8.908698446404458154e-03,5.568833484748594853e-02,1.379746920135003496e-01,1.925120800803645504e-01
-1.685950941260959401e-02,-1.669983747319334424e-02,-1.711362823589381021e-02,-1.440403103566947202e-02,-1.329999108684558166e-02,-1.334836207943294710e-02,-1.392523530706078587e-03,7.976890741174526636e-03,2.316531867738625197e-02,0.000000000000000000e+00,-1.530427604120027617e-02,-1.703723749176278349e-02,-1.515055976946524940e-02,-1.737676023519750534e-02,-1.401195083898017918e-02,-1.869871699894507531e-03,-1.539410880699260131e-02,1.544793191098914505e-02,5.976596780472637205e-02
-1.366712009214517305e-02,8.699075579510677850e-04,-1.109922979690249577e-02,-5.269460429870406748e-03,-9.821796995802151500e-03,-1.193397613991876993e-02,1.627071377187298482e-02,-1.530065208913090370e-02,4.125009870256680228e-02,-1.530427604120027617e-02,0.000000000000000000e+00,-1.101894115365847394e-02,-1.045099159038583025e-02,-1.084013002630015814e-02,3.300258898728227180e-03,-2.681009482418706801e-03,2.317351049522136438e-03,-1.542652649088798074e-02,-9.406224953952957782e-03
-1.522243904484825612e-02,-6.517139324435986675e-03,-1.414095637392877823e-02,-2.479151667087080638e-03,-9.986799261527507313e-03,3.874122045282197072e-03,3.295097056159943666e-02,-1.080600006011160630e-02,7.697397884006192126e-02,-1.703723749176278349e-02,-1.101894115365847394e-02,0.000000000000000000e+00,-5.943870285563060581e-03,2.907623469217822387e-02,1.989310291732238056e-02,4.299791850252864672e-02,2.897252699609732893e-03,-1.487265927106269647e-02,-7.346021143668630266e-03
-5.437515257859501516e-03,6.958545018645256354e-03,-8.691913144445133702e-03,-1.037878302564712135e-04,-1.566389687482656196e-02,-6.941869627774347080e-03,6.436674243858163565e-03,-1.256244585408588556e-02,1.176618330333641972e-02,-1.515055976946524940e-02,-1.045099159038583025e-02,-5.943870285563060581e-03,0.000000000000000000e+00,-6.294391128604181866e-03,9.109688073992169496e-03,-4.379877272646423569e-03,5.517214785728464382e-03,-1.537187914111418606e-02,-1.392166901891970197e-02
1.062256153252063087e-03,2.577315566624596363e-02,-5.912047826252392162e-03,4.569708523701821595e-02,-1.274395402593599515e-03,2.221921553425588308e-03,3.474708715137656001e-02,-1.265290416103385940e-02,7.088472809954839138e-02,-1.737676023519750534e-02,-1.084013002630015814e-02,2.907623469217822387e-02,-6.294391128604181866e-03,0.000000000000000000e+00,3.793177839072069124e-02,3.443102784078556824e-03,1.934575069724405946e-02,-1.565223711665634024e-02,-1.014719782553680054e-02
1.516582040428212513e-02,1.062121667949828679e-02,2.775499230430675691e-03,7.974725033844838606e-03,5.799945174612738258e-03,5.340917224607476949e-02,9.927591641533041900e-04,4.054545973396220943e-02,-5.244375060721143296e-03,-1.401195083898017918e-02,3.300258898728227180e-03,1.989310291732238056e-02,9.109688073992169496e-03,3.793177839072069124e-02,0.000000000000000000e+00,2.081907113025665765e-02,1.207819612237717938e-03,4.461528473098577696e-02,4.353892496495215952e-02
1.778142445232419253e-02,3.940992979587435580e-02,7.758231868838769141e-03,7.221158023423962513e-02,-1.201938845750039281e-03,-3.402551984963620834e-03,8.511829371823965984e-03,-7.743304677905043197e-03,8.908698446404458154e-03,-1.869871699894507531e-03,-2.681009482418706801e-03,4.299791850252864672e-02,-4.379877272646423569e-03,3.443102784078556824e-03,2.081907113025665765e-02,0.000000000000000000e+00,4.763539919399145672e-02,-1.434207220247526136e-02,-1.283312688300269899e-02
9.309928096647050039e-03,-5.660817927166599851e-03,-3.330826766731991104e-03,-8.349886636863179321e-03,8.429956934103005617e-04,1.327102348933165143e-02,3.919487845449847602e-02,-9.186400825993137551e-03,5.568833484748594853e-02,-1.539410880699260131e-02,2.317351049522136438e-03,2.897252699609732893e-03,5.517214785728464382e-03,1.934575069724405946e-02,1.207819612237717938e-03,4.763539919399145672e-02,0.000000000000000000e+00,-1.445013004417962897e-02,-1.651604409962980106e-03
-1.660117877436477485e-02,-1.643087597592536933e-02,-1.627493317450648749e-02,-1.511336139879122277e-02,1.324944955431461846e-02,-1.487544006648317853e-02,1.225231342012167990e-01,1.413507723830859965e-02,1.379746920135003496e-01,1.544793191098914505e-02,-1.542652649088798074e-02,-1.487265927106269647e-02,-1.537187914111418606e-02,-1.565223711665634024e-02,4.461528473098577696e-02,-1.434207220247526136e-02,-1.445013004417962897e-02,0.000000000000000000e+00,9.071409936730102930e-02
-5.677913284068586940e-03,-7.491214726000103297e-03,-2.506760888902198614e-03,-5.777736121371490445e-03,-1.411341520275114121e-02,5.407236426008339009e-03,1.224241479116987136e-01,1.764651070074860521e-03,1.925120800803645504e-01,5.976596780472637205e-02,-9.406224953952957782e-03,-7.346021143668630266e-03,-1.392166901891970197e-02,-1.014719782553680054e-02,4.353892496495215952e-02,-1.283312688300269899e-02,-1.651604409962980106e-03,9.071409936730102930e-02,0.000000000000000000e+00
