0.000000000000000000e+00,-2.760883021174578844e-02,1.435770794528686521e-02,1.745893318282641313e-02,-2.415855524238834720e-02,2.182831343760122111e-02,-7.171640626848657142e-03,8.596358591525583848e-02,4.098351048253676826e-02,6.074145706095140929e-02,3.962404633188700703e-02,3.451719126498112300e-02,-2.096705826701318262e-02,-2.727325475103703142e-02,9.841368158604103800e-02,7.547215315932023771e-02,2.468542585201069506e-02,-2.545337317456667844e-02,2.906100549448899575e-02
-2.760883021174578844e-02,0.000000000000000000e+00,-5.372129547772378465e-03,2.658213516089795100e-02,-1.714931451566971410e-02,-1.476667280262954074e-02,6.603456124479725742e-03,7.039140024098165804e-02,6.504203356642154765e-02,9.233884395252549282e-02,9.423178392400528023e-04,8.806112735846116299e-03,-1.490566656819734305e-02,-4.451558612592099867e-03,8.525805432176407350e-02,6.196884106492054484e-02,1.095618397010759450e-02,-1.218605813695846675e-02,5.515030283926133925e-02
1.435770794528686521e-02,-5.372129547772378465e-03,0.000000000000000000e+00,-1.800897028683752163e-02,-1.227432379035566651e-02,-1.574688166756427546e-02,-2.612934304609624767e-02,2.040981398150452149e-03,-1.971279167354644118e-02,-1.484427386480095638e-02,-3.136907915884386971e-02,8.583734158370536285e-03,-6.864663237622722729e-03,-2.941473531192767554e-02,2.561797327994910778e-02,1.931129311867629123e-03,-3.163118086646676732e-03,-1.199378873296330812e-02,-2.336884137200996234e-02
1.745893318282641313e-02,2.658213516089795100e-02,-1.800897028683752163e-02,0.000000000000000000e+00,-9.718107652153617701e-03,-2.333405871816402258e-02,-2.420587153553105039e-02,-4.154297837448756546e-03,5.899819393442025210e-03,-1.392964482209855387e-02,-2.793075699607625029e-02,-1.266081754018973972e-02,3.125679528155972321e-04,-3.074621314161671282e-02,2.549871710351075613e-02,6.813783687067623404e-04,1.468068094479542916e-02,-5.368368072119120669e-03,-2.549081656134493182e-02
-2.415855524238834720e-02,-1.714931451566971410e-02,-1.227432379035566651e-02,-9.718107652153617701e-03,0.000000000000000000e+00,-2.258233379253153997e-02,-3.598561663216937739e-02,-3.031484680802499707e-02,-2.528944273210879598e-02,-2.191666768182116629e-02,-2.834332783174671119e-02,-6.084166906508225482e-03,-2.365057839110987215e-02,-2.064017914287361380e-02,-2.874855734655445971e-02,-2.914755931254468455e-02,-1.958456138312855005e-02,-2.808383931833007344e-02,-3.608654719971286090e-02
2.182831343760122111e-02,-1.476667280262954074e-02,-1.574688166756427546e-02,-2.333405871816402258e-02,-2.258233379253153997e-02,0.000000000000000000e+00,-1.520700547964745630e-02,3.718843213043244392e-03,-1.071921229102441343e-02,6.248050601723124237e-02,-1.437365551675968967e-02,1.170506738739961888e-01,-3.649211252779345493e-03,7.146289862092515544e-02,2.565589347992477953e-02,-1.977703676317531939e-02,-1.875341987595710927e-02,-2.294456691267588236e-02,4.399601036297113264e-03
-7.171640626848657142e-03,6.603456124479725742e-03,-2.612934304609624767e-02,-2.420587153553105039e-02,-3.598561663216937739e-02,-1.520700547964745630e-02,0.000000000000000000e+00,-1.859020215150634925e-02,-3.571207965300485232e-02,-3.239079077816725549e-02,-1.103779601642559081e-02,-2.341949000123951311e-02,-1.395074750360763942e-02,-1.775778984584978903e-02,-2.710225645893607482e-02,-1.639615615380630650e-02,-2.830694072490295629e-02,-2.808351448073726983e-02,-1.982795121479439746e-02
8.596358591525583848e-02,7.039140024098165804e-02,2.040981398150452149e-03,-4.154297837448756546e-03,-3.031484680802499707e-02,3.718843213043244392e-03,-1.859020215150634925e-02,0.000000000000000000e+00,-8.162198520125811194e-03,4.009312445562875082e-02,4.499533474256343230e-02,3.703462034290555451e-03,-3.124684406983995518e-03,7.576755847542084032e-02,9.705775754879310269e-02,1.749317081376729199e-02,-8.584608137817140161e-03,-1.945228687960005517e-02,-3.862823002184403304e-04
4.098351048253676826e-02,6.504203356642154765e-02,-1.971279167354644118e-02,5.899819393442025210e-03,-2.528944273210879598e-02,-1.071921229102441343e-02,-3.571207965300485232e-02,-8.162198520125811194e-03,0.000000000000000000e+00,-2.954710651577758737e-02,9.927881669134072315e-03,-2.103190307494269551e-02,5.746268797053509687e-03,-8.359174087836322015e-03,-3.062230507893683260e-03,-8.732080711280563665e-03,-3.051345651411476248e-02,-7.352578210345521621e-03,-2.146369010675422059e-02
6.074145706095140929e-02,9.233884395252549282e-02,-1.484427386480095638e-02,-1.392964482209855387e-02,-2.191666768182116629e-02,6.248050601723124237e-02,-3.239079077816725549e-02,4.009312445562875082e-02,-2.954710651577758737e-02,0.000000000000000000e+00,9.808831811765994502e-02,-1.038083966000045467e-02,2.804313246046279476e-02,2.712157253961741676e-02,-1.311072995241452377e-02,1.946465765338334028e-02,-2.798891312951851465e-02,4.158580652155319593e-03,-2.269923584863075064e-02
3.962404633188700703e-02,9.423178392400528023e-04,-3.136907915884386971e-02,-2.793075699607625029e-02,-2.834332783174671119e-02,-1.437365551675968967e-02,-1.103779601642559081e-02,4.499533474256343230e-02,9.927881669134072315e-03,9.808831811765994502e-02,0.000000000000000000e+00,1.370103795913482081e-01,-2.202819305637049307e-02,7.123665786847674375e-02,6.836716597615971613e-02,1.550522417419700509e-03,-3.227235068473343488e-02,-2.714951854708198831e-02,2.008770643250250287e-02
3.451719126498112300e-02,8.806112735846116299e-03,8.583734158370536285e-03,-1.266081754018973972e-02,-6.084166906508225482e-03,1.170506738739961888e-01,-2.341949000123951311e-02,3.703462034290555451e-03,-2.103190307494269551e-02,-1.038083966000045467e-02,1.370103795913482081e-01,0.000000000000000000e+00,2.608559636443501598e-02,6.377282121924145175e-02,-2.728745722374593605e-02,2.178718960877494906e-02,-7.857910861712722947e-03,-1.317219245856936921e-03,-2.109577082709190865e-02
-2.096705826701318262e-02,-1.490566656819734305e-02,-6.864663237622722729e-03,3.125679528155972321e-04,-2.365057839110987215e-02,-3.649211252779345493e-03,-1.395074750360763942e-02,-3.124684406983995518e-03,5.746268797053509687e-03,2.804313246046279476e-02,-2.202819305637049307e-02,2.608559636443501598e-02,0.000000000000000000e+00,-7.503407808960503751e-03,1.567278854714485720e-02,-1.104898002083251618e-02,-6.501410581789439543e-03,-2.320051629871418622e-02,-2.266845081222768066e-03
-2.727325475103703142e-02,-4.451558612592099867e-03,-2.941473531192767554e-02,-3.074621314161671282e-02,-2.064017914287361380e-02,7.146289862092515544e-02,-1.775778984584978903e-02,7.576755847542084032e-02,-8.359174087836322015e-03,2.712157253961741676e-02,7.123665786847674375e-02,6.377282121924145175e-02,-7.503407808960503751e-03,0.000000000000000000e+00,6.785162358457867693e-02,6.072784241376306263e-02,-2.121802038072766183e-02,-1.745928812806404884e-02,1.007811683633107018e-02
9.841368158604103800e-02,8.525805432176407350e-02,2.561797327994910778e-02,2.549871710351075613e-02,-2.874855734655445971e-02,2.565589347992477953e-02,-2.710225645893607482e-02,9.705775754879310269e-02,-3.062230507893683260e-03,-1.311072995241452377e-02,6.836716597615971613e-02,-2.728745722374593605e-02,1.567278854714485720e-02,6.785162358457867693e-02,0.000000000000000000e+00,8.478314735930216062e-02,1.807788327231669642e-02,-1.085808666550724944e-02,3.740608467373702367e-02
7.547215315932023771e-02,6.196884106492054484e-02,1.931129311867629123e-03,6.813783687067623404e-04,-2.914755931254468455e-02,-1.977703676317531939e-02,-1.639615615380630650e-02,1.749317081376729199e-02,-8.732080711280563665e-03,1.946465765338334028e-02,1.550522417419700509e-03,2.178718960877494906e-02,-1.104898002083251618e-02,6.072784241376306263e-02,8.478314735930216062e-02,0.000000000000000000e+00,-4.176947904598082503e-03,-2.029206231066217267e-02,-6.241790494244016255e-04
2.468542585201069506e-02,1.095618397010759450e-02,-3.163118086646676732e-03,1.468068094479542916e-02,-1.958456138312855005e-02,-1.875341987595710927e-02,-2.830694072490295629e-02,-8.584608137817140161e-03,-3.051345651411476248e-02,-2.798891312951851465e-02,-3.227235068473343488e-02,-7.857910861712722947e-03,-6.501410581789439543e-03,-2.121802038072766183e-02,1.807788327231669642e-02,-4.176947904598082503e-03,0.000000000000000000e+00,-1.696157191661953195e-02,-2.951684642641823689e-02
-2.545337317456667844e-02,-1.218605813695846675e-02,-1.199378873296330812e-02,-5.368368072119120669e-03,-2.808383931833007344e-02,-2.294456691267588236e-02,-2.808351448073726983e-02,-1.945228687960005517e-02,-7.352578210345521621e-03,4.158580652155319593e-03,-2.714951854708198831e-02,-1.317219245856936921e-03,-2.320051629871418622e-02,-1.745928812806404884e-02,-1.085808666550724944e-02,-2.029206231066217267e-02,-1.696157191661953195e-02,0.000000000000000000e+00,-2.372997971102169812e-02
2.906100549448899575e-02,5.515030283926133925e-02,-2.336884137200996234e-02,-2.549081656134493182e-02,-3.608654719971286090e-02,4.399601036297113264e-03,-1.982795121479439746e-02,-3.862823002184403304e-04,-2.146369010675422059e-02,-2.269923584863075064e-02,2.008770643250250287e-02,-2.109577082709190865e-02,-2.266845081222768066e-03,1.007811683633107018e-02,3.740608467373702367e-02,-6.241790494244016255e-04,-2.951684642641823689e-02,-2.372997971102169812e-02,0.000000000000000000e+00
