0.000000000000000000e+00,1.815802344482681657e-02,6.657193503652276967e-02,2.484284918427780153e-02,6.245879117467111052e-02,2.332985954694683298e-02,5.025627308801493970e-02,1.871378697777076675e-02,6.373293754287931955e-03,5.462317800877658502e-02,9.851095689992440604e-03,2.527555489216065654e-02,2.602701579682313582e-02,6.598688622313925167e-02,4.072051816973060179e-02,6.604444770680288623e-02,3.703729871844630567e-02,1.339588448929501276e-02,1.536094786050537161e-02
1.815802344482681657e-02,0.000000000000000000e+00,6.166210225683214918e-02,2.847160123844886745e-02,5.619804111675106434e-02,2.526423109209639806e-02,4.127427419080460097e-02,1.916597229356667431e-02,7.608861084833981603e-03,5.279406804089223360e-02,1.103979238147273501e-02,1.447846985691925333e-02,1.805534045589643130e-02,6.354991003387375215e-02,2.844781356775066827e-02,6.302459034627143353e-02,5.004513224517687792e-02,1.263104390658071306e-02,1.900487695582865275e-02
6.657193503652276967e-02,6.166210225683214918e-02,0.000000000000000000e+00,3.575684972257181515e-02,5.651407533504174130e-02,2.045198286138806901e-02,7.350431896336118154e-02,8.796570974400582874e-03,2.441558266780128120e-02,3.240225911551281035e-02,6.319729770753433618e-02,6.005789882995828805e-02,1.559334466303886370e-02,7.563633439554384719e-02,6.797748647806503564e-02,4.715284357204011650e-02,1.556536538909659637e-02,9.098680948531948781e-03,9.219096290175346833e-03
2.484284918427780153e-02,2.847160123844886745e-02,3.575684972257181515e-02,0.000000000000000000e+00,4.091777517703422407e-02,3.744561923124047065e-02,3.645288886400387118e-02,1.669101764089671661e-02,6.627284472596071431e-03,3.553240342887782621e-02,1.612170265200368532e-02,5.432821566473389902e-02,8.996234884453654934e-03,6.591468040087179736e-02,2.608958884298160502e-02,4.155899280765681242e-02,3.574473319116507758e-02,7.929816534444323120e-03,1.226024983395316778e-02
6.245879117467111052e-02,5.619804111675106434e-02,5.651407533504174130e-02,4.091777517703422407e-02,0.000000000000000000e+00,9.492431050734644743e-03,1.167168424274935556e-01,1.066682381902475836e-02,8.976269708218986842e-02,1.395766153133747023e-02,6.986895003144115435e-02,4.869282417368935717e-02,5.255782135234849523e-02,5.140127214377257503e-02,1.010418225375510209e-01,1.132322805443975247e-02,4.391418382883792437e-02,9.211682306403734533e-03,3.465638548491298959e-02
2.332985954694683298e-02,2.526423109209639806e-02,2.045198286138806901e-02,3.744561923124047065e-02,9.492431050734644743e-03,0.000000000000000000e+00,7.447076789100011418e-03,2.575161804839104854e-02,9.658577974079041173e-03,1.015416655231386744e-02,1.324477441209450344e-02,2.783719038405262775e-02,4.813307222671823864e-03,8.232394553762139092e-03,2.437419133238222235e-03,1.581763956447433672e-02,3.092723796798248215e-02,8.389645187989486219e-03,1.642634974582538043e-02
5.025627308801493970e-02,4.127427419080460097e-02,7.350431896336118154e-02,3.645288886400387118e-02,1.167168424274935556e-01,7.447076789100011418e-03,0.000000000000000000e+00,6.738090406223697093e-02,2.174888724745789315e-01,1.085734524487553532e-01,5.894280341300809495e-02,2.467231389530212537e-02,7.381610708988904646e-02,6.990317359554400374e-03,2.757786070937371780e-03,8.831135828952396682e-02,5.420025430410204542e-02,2.750038711114077827e-02,7.407497854750129396e-02
1.871378697777076675e-02,1.916597229356667431e-02,8.796570974400582874e-03,1.669101764089671661e-02,1.066682381902475836e-02,2.575161804839104854e-02,6.738090406223697093e-02,0.000000000000000000e+00,3.420857336968189527e-02,5.777384811414151833e-02,1.960107907547504677e-02,2.167025651979258630e-02,9.800659117119700850e-03,3.248325849771540458e-02,2.900321117618891859e-02,9.187967567781434031e-02,1.341879454395244683e-02,1.916536778762381252e-02,3.267426289032359515e-02
6.373293754287931955e-03,7.608861084833981603e-03,2.441558266780128120e-02,6.627284472596071431e-03,8.976269708218986842e-02,9.658577974079041173e-03,2.174888724745789315e-01,3.420857336968189527e-02,0.000000000000000000e+00,1.001728717747698144e-01,9.331794947054893735e-03,9.450597761036624161e-03,3.716843474586627172e-02,3.750427355251793188e-02,1.591744258082397612e-01,8.563505900188879416e-02,1.283970727084310891e-02,1.370395893981105583e-02,4.279395451003998110e-03
5.462317800877658502e-02,5.279406804089223360e-02,3.240225911551281035e-02,3.553240342887782621e-02,1.395766153133747023e-02,1.015416655231386744e-02,1.085734524487553532e-01,5.777384811414151833e-02,1.001728717747698144e-01,0.000000000000000000e+00,5.922174225610656734e-02,5.352650771839735644e-02,3.840060499062974975e-02,5.978911947054001141e-02,7.059333927158917277e-02,4.814471496716816318e-02,3.244483179798789835e-02,1.872519750491838039e-02,3.960050326020198713e-02
9.851095689992440604e-03,1.103979238147273501e-02,6.319729770753433618e-02,1.612170265200368532e-02,6.986895003144115435e-02,1.324477441209450344e-02,5.894280341300809495e-02,1.960107907547504677e-02,9.331794947054893735e-03,5.922174225610656734e-02,0.000000000000000000e+00,1.677475019319421556e-02,5.006118580165144077e-02,5.606523895441876265e-02,5.381397939326473118e-02,6.820698152404351677e-02,2.440600041630099082e-02,6.733178685601753574e-03,1.405007251424928057e-02
2.527555489216065654e-02,1.447846985691925333e-02,6.005789882995828805e-02,5.432821566473389902e-02,4.869282417368935717e-02,2.783719038405262775e-02,2.467231389530212537e-02,2.167025651979258630e-02,9.450597761036624161e-03,5.352650771839735644e-02,1.677475019319421556e-02,0.000000000000000000e+00,1.554427242063673165e-02,6.228868650469882029e-02,1.575241092888043232e-02,6.038628155069380998e-02,5.853859413568271441e-02,7.322361091036132946e-03,1.838898199750841483e-02
2.602701579682313582e-02,1.805534045589643130e-02,1.559334466303886370e-02,8.996234884453654934e-03,5.255782135234849523e-02,4.813307222671823864e-03,7.381610708988904646e-02,9.800659117119700850e-03,3.716843474586627172e-02,3.840060499062974975e-02,5.006118580165144077e-02,1.554427242063673165e-02,0.000000000000000000e+00,3.596462193398443363e-02,7.026368549253626805e-02,4.882304184804561048e-02,7.029049906007998547e-03,6.038787926766881441e-03,1.252368439414798008e-02
6.598688622313925167e-02,6.354991003387375215e-02,7.563633439554384719e-02,6.591468040087179736e-02,5.140127214377257503e-02,8.232394553762139092e-03,6.990317359554400374e-03,3.248325849771540458e-02,3.750427355251793188e-02,5.978911947054001141e-02,5.606523895441876265e-02,6.228868650469882029e-02,3.596462193398443363e-02,0.000000000000000000e+00,3.774409181267380283e-03,6.475068360146461754e-02,7.412457340547939921e-02,1.874120248972261510e-02,3.330931565467198929e-02
4.072051816973060179e-02,2.844781356775066827e-02,6.797748647806503564e-02,2.608958884298160502e-02,1.010418225375510209e-01,2.437419133238222235e-03,2.757786070937371780e-03,2.900321117618891859e-02,1.591744258082397612e-01,7.059333927158917277e-02,5.381397939326473118e-02,1.575241092888043232e-02,7.026368549253626805e-02,3.774409181267380283e-03,0.000000000000000000e+00,5.602986995503273643e-02,4.426481557544858364e-02,2.505017821186102459e-02,2.160204500044885997e-02
6.604444770680288623e-02,6.302459034627143353e-02,4.715284357204011650e-02,4.155899280765681242e-02,1.132322805443975247e-02,1.581763956447433672e-02,8.831135828952396682e-02,9.187967567781434031e-02,8.563505900188879416e-02,4.814471496716816318e-02,6.820698152404351677e-02,6.038628155069380998e-02,4.882304184804561048e-02,6.475068360146461754e-02,5.602986995503273643e-02,0.000000000000000000e+00,4.436011327908046670e-02,2.315715254633431835e-02,5.254573673733477918e-02
3.703729871844630567e-02,5.004513224517687792e-02,1.556536538909659637e-02,3.574473319116507758e-02,4.391418382883792437e-02,3.092723796798248215e-02,5.420025430410204542e-02,1.341879454395244683e-02,1.283970727084310891e-02,3.244483179798789835e-02,2.440600041630099082e-02,5.853859413568271441e-02,7.029049906007998547e-03,7.412457340547939921e-02,4.426481557544858364e-02,4.436011327908046670e-02,0.000000000000000000e+00,1.384606647936425725e-02,1.249401269891358551e-02
1.339588448929501276e-02,1.263104390658071306e-02,9.098680948531948781e-03,7.929816534444323120e-03,9.211682306403734533e-03,8.389645187989486219e-03,2.750038711114077827e-02,1.916536778762381252e-02,1.370395893981105583e-02,1.872519750491838039e-02,6.733178685601753574e-03,7.322361091036132946e-03,6.038787926766881441e-03,1.874120248972261510e-02,2.505017821186102459e-02,2.315715254633431835e-02,1.384606647936425725e-02,0.000000000000000000e+00,2.395816776158534583e-02
1.536094786050537161e-02,1.900487695582865275e-02,9.219096290175346833e-03,1.226024983395316778e-02,3.465638548491298959e-02,1.642634974582538043e-02,7.407497854750129396e-02,3.267426289032359515e-02,4.279395451003998110e-03,3.960050326020198713e-02,1.405007251424928057e-02,1.838898199750841483e-02,1.252368439414798008e-02,3.330931565467198929e-02,2.160204500044885997e-02,5.254573673733477918e-02,1.249401269891358551e-02,2.395816776158534583e-02,0.000000000000000000e+00
