0.000000000000000000e+00,8.858543192944380931e-03,-2.199971038415747190e-02,-1.879401761274998237e-02,1.650928976682230001e-02,3.017164695135284361e-02,3.523991716864680740e-02,5.401776147451128191e-02,7.076536304441025799e-03,1.039205435772565418e-02,3.927976405149412840e-03,-5.502083290849692047e-03,1.311792960601588229e-04,-1.537451702964470757e-02,3.680007660504013012e-02,3.236563751202056749e-02,-1.986910327934541740e-02,2.305680566687944369e-02,3.251724123676168893e-02
8.858543192944380931e-03,0.000000000000000000e+00,-1.328093086151143493e-02,-1.358901285361888145e-02,3.832401766269303428e-02,7.406673306783358168e-02,6.350175781223821314e-02,5.991737502130300985e-02,3.223445572068230763e-02,2.540140525731325247e-02,-1.308701949318694623e-02,-1.901320547599963384e-02,9.662599105186407342e-03,5.118362683828976516e-03,8.523823662256685418e-02,-6.735535459969898935e-03,-7.617818196484826831e-03,3.050818742282231447e-02,2.535895200244955416e-03
-2.199971038415747190e-02,-1.328093086151143493e-02,0.000000000000000000e+00,3.919519959860278714e-03,-3.163456073265463395e-03,-1.947876749491789456e-03,7.762763447694848162e-02,-9.101188759764041250e-03,-1.063692618522524974e-02,-1.161450674149343797e-02,-1.300763023433298797e-02,-1.206308402495303612e-02,1.115918617312447042e-01,-2.864584272167467697e-03,1.046832991975364946e-01,3.871410973695331437e-04,-1.176189177253958440e-02,-4.058514806848819573e-03,1.717962131197308187e-03
-1.879401761274998237e-02,-1.358901285361888145e-02,3.919519959860278714e-03,0.000000000000000000e+00,-1.349272437656439012e-02,-6.405067224646583852e-03,1.249503449523708086e-03,7.422801727343050771e-02,-1.311668202478167428e-02,2.905811853581662108e-02,-1.338456897803117808e-02,-4.501143457253837209e-03,-1.347910666003328435e-02,3.785589957496275637e-02,-1.439459167110750983e-02,8.365342146846362070e-02,3.094631324942624662e-02,1.181839679077859766e-03,-1.259095015751846708e-02
1.650928976682230001e-02,3.832401766269303428e-02,-3.163456073265463395e-03,-1.349272437656439012e-02,0.000000000000000000e+00,-9.987354295950091193e-03,5.703030058022014875e-02,-9.687634081052949597e-03,1.515415694324750810e-02,1.117483955814524378e-03,-9.965628815853446246e-03,-1.609730438504282379e-02,3.932448352792362184e-02,-1.386832506877852360e-03,6.092699806738576668e-02,1.743186949818931186e-02,3.020885737579658004e-02,-1.067543847318308536e-02,-1.113093970794287908e-02
3.017164695135284361e-02,7.406673306783358168e-02,-1.947876749491789456e-03,-6.405067224646583852e-03,-9.987354295950091193e-03,0.000000000000000000e+00,-1.355477048411040048e-03,2.242329902964275770e-02,8.229310472255531653e-03,2.561856684172199305e-02,-9.049750131473495787e-03,1.420517786050417251e-02,-2.695674190274352598e-03,-1.434168761482144949e-02,-9.139637765325904148e-03,-1.369325508732003975e-02,6.600919964668922231e-03,-6.560940228958106295e-03,-3.429579019203481127e-03
3.523991716864680740e-02,6.350175781223821314e-02,7.762763447694848162e-02,1.249503449523708086e-03,5.703030058022014875e-02,-1.355477048411040048e-03,0.000000000000000000e+00,-6.313299574925626718e-03,6.696151661684966727e-02,9.715906411888424257e-03,-1.056170001890385964e-02,-1.412374391177908910e-02,1.331644435154738515e-02,-2.987168616870388219e-03,-5.772824220126652334e-03,-6.670294992082427717e-03,5.145883680088134647e-03,-9.456449574199728147e-03,-9.013088814714430297e-03
5.401776147451128191e-02,5.991737502130300985e-02,-9.101188759764041250e-03,7.422801727343050771e-02,-9.687634081052949597e-03,2.242329902964275770e-02,-6.313299574925626718e-03,0.000000000000000000e+00,-2.459344397917889637e-03,-3.821612099321409443e-03,-9.639405953693599982e-03,2.927344096574369114e-02,-3.619770046619784007e-03,-1.537739401468113908e-02,-1.293621228300905791e-02,-1.377851086038756924e-02,-2.069718893714512890e-03,4.450350451551857156e-03,1.313394357404313283e-02
7.076536304441025799e-03,3.223445572068230763e-02,-1.063692618522524974e-02,-1.311668202478167428e-02,1.515415694324750810e-02,8.229310472255531653e-03,6.696151661684966727e-02,-2.459344397917889637e-03,0.000000000000000000e+00,-1.992869706405303153e-03,-1.047933551038542077e-02,-2.625553933228687558e-03,-4.521570051655747317e-03,9.534847827660482625e-03,4.559035044388318018e-03,-6.867124918661673266e-03,-6.267194030415614708e-03,-1.307354439570882626e-02,-3.889969389167628744e-03
1.039205435772565418e-02,2.540140525731325247e-02,-1.161450674149343797e-02,2.905811853581662108e-02,1.117483955814524378e-03,2.561856684172199305e-02,9.715906411888424257e-03,-3.821612099321409443e-03,-1.992869706405303153e-03,0.000000000000000000e+00,-4.902180082895267813e-03,1.871891928648450679e-02,-5.385665725912058312e-03,4.327822454936280754e-03,1.121412445677688434e-02,-1.014947302282394326e-02,-1.088554083800516957e-02,-1.401544065723415479e-02,-1.425460647687639380e-02
3.927976405149412840e-03,-1.308701949318694623e-02,-1.300763023433298797e-02,-1.338456897803117808e-02,-9.965628815853446246e-03,-9.049750131473495787e-03,-1.056170001890385964e-02,-9.639405953693599982e-03,-1.047933551038542077e-02,-4.902180082895267813e-03,0.000000000000000000e+00,-1.334175660323202312e-02,-1.632072274425849442e-02,3.268992576410422943e-03,1.825922079086245804e-03,2.459441877445184364e-03,-7.840421669933770113e-03,2.131635647847724899e-02,-3.733396864246334591e-03
-5.502083290849692047e-03,-1.901320547599963384e-02,-1.206308402495303612e-02,-4.501143457253837209e-03,-1.609730438504282379e-02,1.420517786050417251e-02,-1.412374391177908910e-02,2.927344096574369114e-02,-2.625553933228687558e-03,1.871891928648450679e-02,-1.334175660323202312e-02,0.000000000000000000e+00,1.221796869348287101e-02,5.782973297132635616e-03,-1.537214033799242340e-02,-1.291271879274145766e-02,-2.805086282036065113e-03,-1.249622677675620019e-02,9.172935321145618895e-03
1.311792960601588229e-04,9.662599105186407342e-03,1.115918617312447042e-01,-1.347910666003328435e-02,3.932448352792362184e-02,-2.695674190274352598e-03,1.331644435154738515e-02,-3.619770046619784007e-03,-4.521570051655747317e-03,-5.385665725912058312e-03,-1.632072274425849442e-02,1.221796869348287101e-02,0.000000000000000000e+00,-8.857807792242341485e-04,1.254310032455343421e-02,7.535478637827889431e-03,2.041241057379864637e-02,-1.079617827895710917e-02,-1.337537328487803899e-02
-1.537451702964470757e-02,5.118362683828976516e-03,-2.864584272167467697e-03,3.785589957496275637e-02,-1.386832506877852360e-03,-1.434168761482144949e-02,-2.987168616870388219e-03,-1.537739401468113908e-02,9.534847827660482625e-03,4.327822454936280754e-03,3.268992576410422943e-03,5.782973297132635616e-03,-8.857807792242341485e-04,0.000000000000000000e+00,-9.543084879825754208e-03,4.188536799682665221e-03,8.745799500196134793e-03,-3.946188875861154216e-03,-5.270861264558522608e-03
3.680007660504013012e-02,8.523823662256685418e-02,1.046832991975364946e-01,-1.439459167110750983e-02,6.092699806738576668e-02,-9.139637765325904148e-03,-5.772824220126652334e-03,-1.293621228300905791e-02,4.559035044388318018e-03,1.121412445677688434e-02,1.825922079086245804e-03,-1.537214033799242340e-02,1.254310032455343421e-02,-9.543084879825754208e-03,0.000000000000000000e+00,-6.961630163298055535e-03,1.293712201314287102e-02,-1.357473891422817519e-02,-1.140642901191079618e-02
3.236563751202056749e-02,-6.735535459969898935e-03,3.871410973695331437e-04,8.365342146846362070e-02,1.743186949818931186e-02,-1.369325508732003975e-02,-6.670294992082427717e-03,-1.377851086038756924e-02,-6.867124918661673266e-03,-1.014947302282394326e-02,2.459441877445184364e-03,-1.291271879274145766e-02,7.535478637827889431e-03,4.188536799682665221e-03,-6.961630163298055535e-03,0.000000000000000000e+00,-6.739081995045984042e-03,1.210868720783194602e-02,2.320634658235191591e-02
-1.986910327934541740e-02,-7.617818196484826831e-03,-1.176189177253958440e-02,3.094631324942624662e-02,3.020885737579658004e-02,6.600919964668922231e-03,5.145883680088134647e-03,-2.069718893714512890e-03,-6.267194030415614708e-03,-1.088554083800516957e-02,-7.840421669933770113e-03,-2.805086282036065113e-03,2.041241057379864637e-02,8.745799500196134793e-03,1.293712201314287102e-02,-6.739081995045984042e-03,0.000000000000000000e+00,3.068363357738193575e-02,-6.855427677513474018e-03
2.305680566687944369e-02,3.050818742282231447e-02,-4.058514806848819573e-03,1.181839679077859766e-03,-1.067543847318308536e-02,-6.560940228958106295e-03,-9.456449574199728147e-03,4.450350451551857156e-03,-1.307354439570882626e-02,-1.401544065723415479e-02,2.131635647847724899e-02,-1.249622677675620019e-02,-1.079617827895710917e-02,-3.946188875861154216e-03,-1.357473891422817519e-02,1.210868720783194602e-02,3.068363357738193575e-02,0.000000000000000000e+00,1.859750608059130075e-02
3.251724123676168893e-02,2.535895200244955416e-03,1.717962131197308187e-03,-1.259095015751846708e-02,-1.113093970794287908e-02,-3.429579019203481127e-03,-9.013088814714430297e-03,1.313394357404313283e-02,-3.889969389167628744e-03,-1.425460647687639380e-02,-3.733396864246334591e-03,9.172935321145618895e-03,-1.337537328487803899e-02,-5.270861264558522608e-03,-1.140642901191079618e-02,2.320634658235191591e-02,-6.855427677513474018e-03,1.859750608059130075e-02,0.000000000000000000e+00
