0.000000000000000000e+00,1.402364234251796959e-01,1.402364160574801066e-01,1.402364043451944098e-01,1.402364069979412098e-01,1.402364043969317187e-01,1.402364114459413447e-01,1.402364276654439745e-01,1.402363861817314539e-01,1.402363965966607062e-01,1.402364075097072005e-01,1.402364023824209938e-01,1.402364002678020694e-01,1.402364163558290633e-01,1.402364026674997877e-01,1.402363985560384219e-01,1.402364352724245200e-01,1.402364104893664420e-01,1.402363903506074205e-01
1.402364234251796959e-01,0.000000000000000000e+00,1.402363963681219905e-01,1.402364709934028342e-01,1.402364269919851580e-01,1.402364232197030602e-01,1.402364638646901585e-01,1.402363741827826749e-01,1.402364753701142719e-01,1.402364484556660185e-01,1.402364156211638457e-01,1.402364670860395679e-01,1.402364227778074290e-01,1.402364009194069783e-01,1.402364345082982577e-01,1.402364269136122110e-01,1.402362481686213747e-01,1.402364103678427898e-01,1.402364609314107335e-01
1.402364160574801066e-01,1.402363963681219905e-01,0.000000000000000000e+00,1.402363277936456154e-01,1.402365758270019969e-01,1.402373977486874312e-01,1.402363579588349618e-01,1.402362206827209579e-01,1.402355155336068304e-01,1.402337431356607544e-01,1.402364203643062246e-01,1.402364011485181805e-01,1.402364820328188821e-01,1.402363869985995548e-01,1.402363310835548216e-01,1.402363632008316319e-01,1.402364735064401402e-01,1.402363178759338525e-01,1.402351475007206916e-01
1.402364043451944098e-01,1.402364709934028342e-01,1.402363277936456154e-01,0.000000000000000000e+00,1.402363888039881989e-01,1.402363783165056499e-01,1.402364987066600510e-01,1.402363046069211305e-01,1.402364720451249325e-01,1.402364205284434562e-01,1.402363892643107013e-01,1.402364488859351721e-01,1.402363910242948319e-01,1.402386180419589456e-01,1.402362875320082025e-01,1.402364720993412861e-01,1.402373323699299124e-01,1.402363313254354205e-01,1.402364443809556716e-01
1.402364069979412098e-01,1.402364269919851580e-01,1.402365758270019969e-01,1.402363888039881989e-01,0.000000000000000000e+00,1.402364136300603137e-01,1.402364061907514226e-01,1.402403988441495997e-01,1.402362233779945455e-01,1.402362896032779971e-01,1.402363918946396282e-01,1.402364175792354395e-01,1.402364146682001378e-01,1.402364336941084588e-01,1.402363992874934850e-01,1.402364010099889369e-01,1.402364985285514953e-01,1.402364460685229242e-01,1.402362482022851964e-01
1.402364043969317187e-01,1.402364232197030602e-01,1.402373977486874312e-01,1.402363783165056499e-01,1.402364136300603137e-01,0.000000000000000000e+00,1.402363995528987939e-01,1.402359638457204294e-01,1.402359800606814699e-01,1.402359072056708067e-01,1.402363916594617788e-01,1.402364158438506869e-01,1.402364101988285983e-01,1.402364336232225783e-01,1.402363919796865699e-01,1.402363967762697561e-01,1.402365112254237989e-01,1.402364645008062904e-01,1.402359454271423778e-01
1.402364114459413447e-01,1.402364638646901585e-01,1.402363579588349618e-01,1.402364987066600510e-01,1.402364061907514226e-01,1.402363995528987939e-01,0.000000000000000000e+00,1.402363327079899080e-01,1.402364793633439632e-01,1.402364362636529249e-01,1.402363997162784648e-01,1.402364504600392137e-01,1.402364049223411013e-01,1.402361690861259336e-01,1.402363942715025569e-01,1.402364682952051411e-01,1.402310349145042268e-01,1.402363703107609716e-01,1.402364563036070377e-01
1.402364276654439745e-01,1.402363741827826749e-01,1.402362206827209579e-01,1.402363046069211305e-01,1.402403988441495997e-01,1.402359638457204294e-01,1.402363327079899080e-01,0.000000000000000000e+00,1.402359712659850544e-01,1.402359495228058806e-01,1.402364565994629331e-01,1.402363843022782219e-01,1.402366596779780761e-01,1.402363519422027693e-01,1.402363019058890103e-01,1.402363381944224108e-01,1.402364254657530451e-01,1.402362721277850000e-01,1.402359566145812697e-01
1.402363861817314539e-01,1.402364753701142719e-01,1.402355155336068304e-01,1.402364720451249325e-01,1.402362233779945455e-01,1.402359800606814699e-01,1.402364793633439632e-01,1.402359712659850544e-01,0.000000000000000000e+00,1.402360346187266626e-01,1.402363485795679043e-01,1.402364461897151471e-01,1.402363065525182029e-01,1.402365369838766418e-01,1.402365175849458745e-01,1.402364626335751985e-01,1.402366153257236514e-01,1.402370576128449398e-01,1.402360590361412807e-01
1.402363965966607062e-01,1.402364484556660185e-01,1.402337431356607544e-01,1.402364205284434562e-01,1.402362896032779971e-01,1.402359072056708067e-01,1.402364362636529249e-01,1.402359495228058806e-01,1.402360346187266626e-01,0.000000000000000000e+00,1.402363704522417709e-01,1.402364314168659254e-01,1.402363526558919882e-01,1.402364793331880854e-01,1.402364458952659876e-01,1.402364277758169631e-01,1.402365570642690740e-01,1.402366323768098888e-01,1.402360062674254115e-01
1.402364075097072005e-01,1.402364156211638457e-01,1.402364203643062246e-01,1.402363892643107013e-01,1.402363918946396282e-01,1.402363916594617788e-01,1.402363997162784648e-01,1.402364565994629331e-01,1.402363485795679043e-01,1.402363704522417709e-01,0.000000000000000000e+00,1.402364012562299089e-01,1.402363783141063192e-01,1.402364113588601691e-01,1.402363909794173968e-01,1.402363898049325541e-01,1.402364456352426236e-01,1.402364051960115210e-01,1.402363579545028160e-01
1.402364023824209938e-01,1.402364670860395679e-01,1.402364011485181805e-01,1.402364488859351721e-01,1.402364175792354395e-01,1.402364158438506869e-01,1.402364504600392137e-01,1.402363843022782219e-01,1.402364461897151471e-01,1.402364314168659254e-01,1.402364012562299089e-01,0.000000000000000000e+00,1.402364107033286511e-01,1.402364244951039007e-01,1.402364294854005766e-01,1.402364331159186572e-01,1.402363810073923855e-01,1.402364129258930614e-01,1.402364379996784427e-01
1.402364002678020694e-01,1.402364227778074290e-01,1.402364820328188821e-01,1.402363910242948319e-01,1.402364146682001378e-01,1.402364101988285983e-01,1.402364049223411013e-01,1.402366596779780761e-01,1.402363065525182029e-01,1.402363526558919882e-01,1.402363783141063192e-01,1.402364107033286511e-01,0.000000000000000000e+00,1.402364260947093211e-01,1.402363983229456545e-01,1.402363973292181654e-01,1.402364780983325343e-01,1.402364300314735135e-01,1.402363260068483219e-01
1.402364163558290633e-01,1.402364009194069783e-01,1.402363869985995548e-01,1.402386180419589456e-01,1.402364336941084588e-01,1.402364336232225783e-01,1.402361690861259336e-01,1.402363519422027693e-01,1.402365369838766418e-01,1.402364793331880854e-01,1.402364113588601691e-01,1.402364244951039007e-01,1.402364260947093211e-01,0.000000000000000000e+00,1.402365748908948606e-01,1.402363443921118835e-01,1.402370966342540437e-01,1.402364161244091800e-01,1.402365059288770421e-01
1.402364026674997877e-01,1.402364345082982577e-01,1.402363310835548216e-01,1.402362875320082025e-01,1.402363992874934850e-01,1.402363919796865699e-01,1.402363942715025569e-01,1.402363019058890103e-01,1.402365175849458745e-01,1.402364458952659876e-01,1.402363909794173968e-01,1.402364294854005766e-01,1.402363983229456545e-01,1.402365748908948606e-01,0.000000000000000000e+00,1.402364112612668468e-01,1.402367820881342819e-01,1.402363412834691514e-01,1.402364785997080587e-01
1.402363985560384219e-01,1.402364269136122110e-01,1.402363632008316319e-01,1.402364720993412861e-01,1.402364010099889369e-01,1.402363967762697561e-01,1.402364682952051411e-01,1.402363381944224108e-01,1.402364626335751985e-01,1.402364277758169631e-01,1.402363898049325541e-01,1.402364331159186572e-01,1.402363973292181654e-01,1.402363443921118835e-01,1.402364112612668468e-01,0.000000000000000000e+00,1.402359852491796011e-01,1.402363787648548132e-01,1.402364439979511546e-01
1.402364352724245200e-01,1.402362481686213747e-01,1.402364735064401402e-01,1.402373323699299124e-01,1.402364985285514953e-01,1.402365112254237989e-01,1.402310349145042268e-01,1.402364254657530451e-01,1.402366153257236514e-01,1.402365570642690740e-01,1.402364456352426236e-01,1.402363810073923855e-01,1.402364780983325343e-01,1.402370966342540437e-01,1.402367820881342819e-01,1.402359852491796011e-01,0.000000000000000000e+00,1.402365293787096179e-01,1.402365839556716509e-01
1.402364104893664420e-01,1.402364103678427898e-01,1.402363178759338525e-01,1.402363313254354205e-01,1.402364460685229242e-01,1.402364645008062904e-01,1.402363703107609716e-01,1.402362721277850000e-01,1.402370576128449398e-01,1.402366323768098888e-01,1.402364051960115210e-01,1.402364129258930614e-01,1.402364300314735135e-01,1.402364161244091800e-01,1.402363412834691514e-01,1.402363787648548132e-01,1.402365293787096179e-01,0.000000000000000000e+00,1.402367867049054140e-01
1.402363903506074205e-01,1.402364609314107335e-01,1.402351475007206916e-01,1.402364443809556716e-01,1.402362482022851964e-01,1.402359454271423778e-01,1.402364563036070377e-01,1.402359566145812697e-01,1.402360590361412807e-01,1.402360062674254115e-01,1.402363579545028160e-01,1.402364379996784427e-01,1.402363260068483219e-01,1.402365059288770421e-01,1.402364785997080587e-01,1.402364439979511546e-01,1.402365839556716509e-01,1.402367867049054140e-01,0.000000000000000000e+00
