0.000000000000000000e+00,-1.338564210517457533e-02,1.077490615770157062e-01,2.896263190210136493e-02,6.250450981983994569e-02,1.251269084287274548e-02,8.977774503885557408e-03,1.840159708322285093e-02,-6.840439670455750187e-03,2.579434211639912156e-01,4.658355036634180373e-03,3.447493960709561295e-02,1.860912687055746306e-02,2.062448465820607979e-01,1.004723280136364250e-01,2.217397594967326357e-01,7.143236620455717389e-02,9.398258196580182300e-02,8.896824674928115184e-02
-1.338564210517457533e-02,0.000000000000000000e+00,1.042579018985368977e-01,9.177202847492609006e-02,8.251701219134978393e-02,1.076668787631130698e-02,1.555744747032329796e-02,1.533247716711929297e-02,-1.303437435865972653e-02,1.537216679800970931e-01,-1.113019343997626726e-02,2.928052330490926725e-02,1.829066876350193827e-02,1.800511378800576934e-01,1.001036218862010885e-01,2.377694815270496032e-01,1.085567668710079731e-01,1.230983352721539553e-01,4.249535926983732947e-02
1.077490615770157062e-01,1.042579018985368977e-01,0.000000000000000000e+00,6.595837787557461314e-03,1.385744711451366296e-01,3.356990592525101180e-02,7.506144020337045253e-02,3.901781058332900315e-02,-9.197471283753822988e-03,2.329574836322616249e-01,6.971167170908456993e-03,1.160282651614822358e-01,-1.165471060336162150e-02,2.470357517005599968e-01,3.467080491916416790e-02,2.560975744878787874e-01,4.490078197596197168e-02,1.019662026536232169e-01,1.624751480519471547e-01
2.896263190210136493e-02,9.177202847492609006e-02,6.595837787557461314e-03,0.000000000000000000e+00,1.635684527759030116e-01,1.267608809947545767e-01,5.222766672580644171e-03,-1.288560723541790770e-02,-1.485618578705012044e-02,4.579203346118244228e-02,-4.875948747729575046e-03,6.063676617674324670e-02,3.417389288524837199e-02,8.991179825655966351e-02,9.483000490928800152e-02,1.582739148440471810e-01,-4.318299424266381845e-03,2.244350103913950178e-01,1.053587230560302374e-01
6.250450981983994569e-02,8.251701219134978393e-02,1.385744711451366296e-01,1.635684527759030116e-01,0.000000000000000000e+00,-1.720544414038236922e-03,2.923593344261635751e-01,1.090370469563086732e-02,3.048240428384830017e-02,8.900755334159397847e-02,9.894269816527762745e-05,1.346061416100449992e-01,9.446184081796127341e-02,2.275956427331116971e-01,3.421591664407863664e-02,7.879223175818225733e-02,2.023231881902389506e-01,7.030316582697869465e-02,8.991186956063217106e-02
1.251269084287274548e-02,1.076668787631130698e-02,3.356990592525101180e-02,1.267608809947545767e-01,-1.720544414038236922e-03,0.000000000000000000e+00,8.666115629890570535e-03,3.183773399554299527e-02,-1.273989249006419328e-02,-7.742040371360215528e-03,-2.755496745915669583e-03,-6.388882573822573900e-03,1.505284229141429751e-02,3.660708588078578352e-01,4.552654942707055202e-02,6.979961316764091150e-02,1.199469829269779741e-01,-1.022104099956121963e-03,-2.217755430309286107e-03
8.977774503885557408e-03,1.555744747032329796e-02,7.506144020337045253e-02,5.222766672580644171e-03,2.923593344261635751e-01,8.666115629890570535e-03,0.000000000000000000e+00,4.964693354093556617e-03,2.547992793950150641e-03,6.597944812989258226e-05,9.152947541782519708e-03,1.394385188459546128e-02,2.593416742715830541e-03,8.698259342532282945e-02,1.130355890052914779e-02,7.030244170912326729e-02,4.287636721553548386e-02,2.048642585562245044e-01,7.169429549237647803e-02
1.840159708322285093e-02,1.533247716711929297e-02,3.901781058332900315e-02,-1.288560723541790770e-02,1.090370469563086732e-02,3.183773399554299527e-02,4.964693354093556617e-03,0.000000000000000000e+00,1.749096771627828588e-03,3.400553198476929939e-01,5.096180649119530504e-02,9.758109057244469808e-02,4.910342391627753322e-02,3.534947967165368854e-01,-8.361394230372026434e-03,2.807349801864183481e-01,8.249587946654904705e-03,2.962007375708861426e-02,6.735000568460845771e-02
-6.840439670455750187e-03,-1.303437435865972653e-02,-9.197471283753822988e-03,-1.485618578705012044e-02,3.048240428384830017e-02,-1.273989249006419328e-02,2.547992793950150641e-03,1.749096771627828588e-03,0.000000000000000000e+00,1.592173910044368534e-01,-1.466478540078159504e-03,-9.822230941844782223e-03,6.445663131858536676e-02,5.819270337522757658e-03,2.772847501767690681e-01,5.665666929042987437e-02,-1.449500376876333881e-02,6.724630479732244918e-03,5.300811087116672621e-02
2.579434211639912156e-01,1.537216679800970931e-01,2.329574836322616249e-01,4.579203346118244228e-02,8.900755334159397847e-02,-7.742040371360215528e-03,6.597944812989258226e-05,3.400553198476929939e-01,1.592173910044368534e-01,0.000000000000000000e+00,3.199679953170012081e-01,1.855727126480380754e-02,1.516693344823424883e-01,1.437555885692320679e-01,3.103051614708506045e-02,5.902309195170647449e-01,1.277775600126865863e-01,1.740173781228708874e-02,1.005819864425770184e-02
4.658355036634180373e-03,-1.113019343997626726e-02,6.971167170908456993e-03,-4.875948747729575046e-03,9.894269816527762745e-05,-2.755496745915669583e-03,9.152947541782519708e-03,5.096180649119530504e-02,-1.466478540078159504e-03,3.199679953170012081e-01,0.000000000000000000e+00,1.502616712103572311e-02,1.116198697318425588e-02,1.813749026642981210e-01,6.066611222695039024e-02,1.860833035830955218e-01,2.085296756088617001e-03,3.396757281354834818e-02,1.107080469457845107e-01
3.447493960709561295e-02,2.928052330490926725e-02,1.160282651614822358e-01,6.063676617674324670e-02,1.346061416100449992e-01,-6.388882573822573900e-03,1.394385188459546128e-02,9.758109057244469808e-02,-9.822230941844782223e-03,1.855727126480380754e-02,1.502616712103572311e-02,0.000000000000000000e+00,-1.488949005109513508e-02,9.561039563469597713e-02,5.426925362913775225e-02,2.100758393913323696e-01,1.029688023970886795e-01,9.711264485430236293e-02,-5.757728999470144819e-03
1.860912687055746306e-02,1.829066876350193827e-02,-1.165471060336162150e-02,3.417389288524837199e-02,9.446184081796127341e-02,1.505284229141429751e-02,2.593416742715830541e-03,4.910342391627753322e-02,6.445663131858536676e-02,1.516693344823424883e-01,1.116198697318425588e-02,-1.488949005109513508e-02,0.000000000000000000e+00,1.073796406158570305e-01,4.924724241207471126e-02,8.621313141190996288e-02,1.312960213266737945e-02,-1.026918029321994066e-02,7.479909015499354441e-02
2.062448465820607979e-01,1.800511378800576934e-01,2.470357517005599968e-01,8.991179825655966351e-02,2.275956427331116971e-01,3.660708588078578352e-01,8.698259342532282945e-02,3.534947967165368854e-01,5.819270337522757658e-03,1.437555885692320679e-01,1.813749026642981210e-01,9.561039563469597713e-02,1.073796406158570305e-01,0.000000000000000000e+00,-4.169170392525611661e-03,2.007720766750505648e-01,2.046777255842016918e-01,4.166629804326320990e-02,9.702251159181153606e-02
1.004723280136364250e-01,1.001036218862010885e-01,3.467080491916416790e-02,9.483000490928800152e-02,3.421591664407863664e-02,4.552654942707055202e-02,1.130355890052914779e-02,-8.361394230372026434e-03,2.772847501767690681e-01,3.103051614708506045e-02,6.066611222695039024e-02,5.426925362913775225e-02,4.924724241207471126e-02,-4.169170392525611661e-03,0.000000000000000000e+00,-5.812856516397850622e-03,6.170090326676161419e-02,-7.881985646717893854e-03,3.885296081241750195e-05
2.217397594967326357e-01,2.377694815270496032e-01,2.560975744878787874e-01,1.582739148440471810e-01,7.879223175818225733e-02,6.979961316764091150e-02,7.030244170912326729e-02,2.807349801864183481e-01,5.665666929042987437e-02,5.902309195170647449e-01,1.860833035830955218e-01,2.100758393913323696e-01,8.621313141190996288e-02,2.007720766750505648e-01,-5.812856516397850622e-03,0.000000000000000000e+00,2.716706928331646953e-01,4.475412547166230520e-02,1.146750175917810727e-01
7.143236620455717389e-02,1.085567668710079731e-01,4.490078197596197168e-02,-4.318299424266381845e-03,2.023231881902389506e-01,1.199469829269779741e-01,4.287636721553548386e-02,8.249587946654904705e-03,-1.449500376876333881e-02,1.277775600126865863e-01,2.085296756088617001e-03,1.029688023970886795e-01,1.312960213266737945e-02,2.046777255842016918e-01,6.170090326676161419e-02,2.716706928331646953e-01,0.000000000000000000e+00,2.254206039242207249e-01,1.602436033576712104e-01
9.398258196580182300e-02,1.230983352721539553e-01,1.019662026536232169e-01,2.244350103913950178e-01,7.030316582697869465e-02,-1.022104099956121963e-03,2.048642585562245044e-01,2.962007375708861426e-02,6.724630479732244918e-03,1.740173781228708874e-02,3.396757281354834818e-02,9.711264485430236293e-02,-1.026918029321994066e-02,4.166629804326320990e-02,-7.881985646717893854e-03,4.475412547166230520e-02,2.254206039242207249e-01,0.000000000000000000e+00,2.007681701670685770e-01
8.896824674928115184e-02,4.249535926983732947e-02,1.624751480519471547e-01,1.053587230560302374e-01,8.991186956063217106e-02,-2.217755430309286107e-03,7.169429549237647803e-02,6.735000568460845771e-02,5.300811087116672621e-02,1.005819864425770184e-02,1.107080469457845107e-01,-5.757728999470144819e-03,7.479909015499354441e-02,9.702251159181153606e-02,3.885296081241750195e-05,1.146750175917810727e-01,1.602436033576712104e-01,2.007681701670685770e-01,0.000000000000000000e+00
