0.000000000000000000e+00,1.706842624365738706e-02,2.119091527862265213e-03,4.174168805917461041e-03,5.582562652715200580e-03,1.144294031260452947e-02,8.820512093383640201e-03,1.340737309209013434e-02,1.690782122162919369e-03,6.807363225456734314e-03,5.544101492581682972e-02,1.876211941282401527e-02,1.994171552980279066e-02,1.733894774861128099e-02,5.398351287140068684e-03,1.529428577262280896e-02,4.608757504884648630e-03,6.099058995046985863e-03,1.227638864710134739e-02
1.706842624365738706e-02,0.000000000000000000e+00,2.228526506982656582e-03,1.467261687402174157e-02,2.851107643815534599e-03,1.785477948802254022e-02,4.206014024169838113e-03,1.597657945523158277e-02,1.563419663265136744e-03,8.075212703440397960e-03,2.221103660647536296e-02,1.610235945794133428e-02,-3.129673101960911310e-04,1.800474557839858505e-02,5.658543053369097589e-03,1.747627837608801277e-02,1.017884620809146254e-02,1.097448578463346668e-02,7.754055679138669929e-03
2.119091527862265213e-03,2.228526506982656582e-03,0.000000000000000000e+00,-3.867025080607174102e-04,4.133871323774166232e-03,8.698960370488202989e-03,5.550245535127350076e-03,1.477670885017118817e-02,3.263974532471012376e-03,8.651464717075311658e-03,5.536184279438176141e-03,1.320588761960411577e-02,3.444631867248529149e-03,1.641498509635034089e-02,3.442559518791961631e-03,1.810126271032737669e-02,4.502252088238475544e-03,9.034506890338448240e-03,9.246432262623578008e-03
4.174168805917461041e-03,1.467261687402174157e-02,-3.867025080607174102e-04,0.000000000000000000e+00,3.938274603195508777e-05,1.020260114383527740e-02,3.766840605676337241e-03,1.249670254441817563e-02,-1.354817801977645014e-03,5.511074068280471909e-03,3.148792530431959290e-03,2.271899460506651702e-02,6.710121744523921128e-03,1.927162258648437709e-02,3.844075379468389619e-03,1.744728871695580899e-02,-1.809323370600141717e-04,9.549850936028126888e-03,5.753486329909550563e-03
5.582562652715200580e-03,2.851107643815534599e-03,4.133871323774166232e-03,3.938274603195508777e-05,0.000000000000000000e+00,1.770858513706931965e-03,2.145372899692426019e-02,1.082006855278546363e-02,1.114678179098606454e-02,8.701134584297937416e-03,7.256512111023113998e-03,1.121836625592772217e-02,3.284971933500575262e-03,1.428100713985261047e-02,2.278213794994732658e-03,1.669984566145526345e-02,2.531740160583501997e-03,-4.471098658878297147e-03,4.816723590780357112e-03
1.144294031260452947e-02,1.785477948802254022e-02,8.698960370488202989e-03,1.020260114383527740e-02,1.770858513706931965e-03,0.000000000000000000e+00,4.895468930174093174e-03,2.607685928864358210e-02,2.688409488789941792e-03,1.458177510500186305e-02,1.175116093049760266e-02,2.437318223838189080e-02,7.294207539198079016e-03,2.221500270258731924e-02,5.267666164644377834e-03,2.947470009938184948e-02,9.253387697886292229e-03,1.320151412043277066e-02,6.420235209522067929e-03
8.820512093383640201e-03,4.206014024169838113e-03,5.550245535127350076e-03,3.766840605676337241e-03,2.145372899692426019e-02,4.895468930174093174e-03,0.000000000000000000e+00,1.272074741111550202e-02,3.838385471624545381e-02,1.787190117151948171e-02,1.185505271048250056e-02,7.688304014954061398e-03,6.169765042567857023e-03,1.373744158290034212e-02,1.315711686163051081e-03,1.782861848461019319e-02,3.950471110114298426e-03,4.683054838245321976e-03,7.623662230306260841e-04
1.340737309209013434e-02,1.597657945523158277e-02,1.477670885017118817e-02,1.249670254441817563e-02,1.082006855278546363e-02,2.607685928864358210e-02,1.272074741111550202e-02,0.000000000000000000e+00,5.688860264671974885e-03,1.789008999730987495e-02,1.687981105974331944e-02,1.982705401043529866e-02,1.173744408460849348e-02,5.989594547802109224e-03,2.260007509416519025e-03,1.104810484344707390e-02,1.285076608611174405e-02,2.082990529592600518e-02,2.683363075554177912e-02
1.690782122162919369e-03,1.563419663265136744e-03,3.263974532471012376e-03,-1.354817801977645014e-03,1.114678179098606454e-02,2.688409488789941792e-03,3.838385471624545381e-02,5.688860264671974885e-03,0.000000000000000000e+00,4.134193044938398037e-02,3.959445314015516519e-03,7.082611400159417696e-03,5.014445476216294884e-03,8.732790611096333949e-03,1.164147467790448837e-02,2.314669678099757349e-02,5.179808065088547337e-04,4.460712219869128470e-03,1.103481234619082402e-02
6.807363225456734314e-03,8.075212703440397960e-03,8.651464717075311658e-03,5.511074068280471909e-03,8.701134584297937416e-03,1.458177510500186305e-02,1.787190117151948171e-02,1.789008999730987495e-02,4.134193044938398037e-02,0.000000000000000000e+00,5.250449174878175224e-03,9.881366774460099284e-03,8.910570186866410836e-03,1.017327523705150588e-05,1.437392426450046293e-02,4.855594149616795918e-03,7.175598099974482731e-03,1.584922942604095192e-02,2.162878662983319308e-02
5.544101492581682972e-02,2.221103660647536296e-02,5.536184279438176141e-03,3.148792530431959290e-03,7.256512111023113998e-03,1.175116093049760266e-02,1.185505271048250056e-02,1.687981105974331944e-02,3.959445314015516519e-03,5.250449174878175224e-03,0.000000000000000000e+00,1.600893765394858712e-02,4.693178782496316287e-02,1.584109704980001324e-02,9.584532670915024699e-03,1.604276568645034151e-02,1.455141663376667734e-02,1.230616675762520769e-02,1.026014571511764742e-02
1.876211941282401527e-02,1.610235945794133428e-02,1.320588761960411577e-02,2.271899460506651702e-02,1.121836625592772217e-02,2.437318223838189080e-02,7.688304014954061398e-03,1.982705401043529866e-02,7.082611400159417696e-03,9.881366774460099284e-03,1.600893765394858712e-02,0.000000000000000000e+00,6.486981897134485794e-03,2.662780651143266744e-02,1.111364384496040664e-02,1.923115292845720831e-02,1.329902062319974002e-02,1.863730722404336945e-02,1.894007098503850198e-02
1.994171552980279066e-02,-3.129673101960911310e-04,3.444631867248529149e-03,6.710121744523921128e-03,3.284971933500575262e-03,7.294207539198079016e-03,6.169765042567857023e-03,1.173744408460849348e-02,5.014445476216294884e-03,8.910570186866410836e-03,4.693178782496316287e-02,6.486981897134485794e-03,0.000000000000000000e+00,1.636295432997541405e-02,9.227168164333757541e-03,1.737330650416183883e-02,5.048283383681838668e-03,-1.370615468654872826e-04,2.962730017888532894e-03
1.733894774861128099e-02,1.800474557839858505e-02,1.641498509635034089e-02,1.927162258648437709e-02,1.428100713985261047e-02,2.221500270258731924e-02,1.373744158290034212e-02,5.989594547802109224e-03,8.732790611096333949e-03,1.017327523705150588e-05,1.584109704980001324e-02,2.662780651143266744e-02,1.636295432997541405e-02,0.000000000000000000e+00,1.460998498404636990e-02,2.492146144871077579e-03,1.737455043579525307e-02,2.205437550219331924e-02,1.843423438816482046e-02
5.398351287140068684e-03,5.658543053369097589e-03,3.442559518791961631e-03,3.844075379468389619e-03,2.278213794994732658e-03,5.267666164644377834e-03,1.315711686163051081e-03,2.260007509416519025e-03,1.164147467790448837e-02,1.437392426450046293e-02,9.584532670915024699e-03,1.111364384496040664e-02,9.227168164333757541e-03,1.460998498404636990e-02,0.000000000000000000e+00,8.207663379111671334e-03,2.327101319056963831e-03,1.158880530041423449e-03,2.798818516658395979e-03
1.529428577262280896e-02,1.747627837608801277e-02,1.810126271032737669e-02,1.744728871695580899e-02,1.669984566145526345e-02,2.947470009938184948e-02,1.782861848461019319e-02,1.104810484344707390e-02,2.314669678099757349e-02,4.855594149616795918e-03,1.604276568645034151e-02,1.923115292845720831e-02,1.737330650416183883e-02,2.492146144871077579e-03,8.207663379111671334e-03,0.000000000000000000e+00,1.807030821570714679e-02,2.494242369039365720e-02,2.661208922291425499e-02
4.608757504884648630e-03,1.017884620809146254e-02,4.502252088238475544e-03,-1.809323370600141717e-04,2.531740160583501997e-03,9.253387697886292229e-03,3.950471110114298426e-03,1.285076608611174405e-02,5.179808065088547337e-04,7.175598099974482731e-03,1.455141663376667734e-02,1.329902062319974002e-02,5.048283383681838668e-03,1.737455043579525307e-02,2.327101319056963831e-03,1.807030821570714679e-02,0.000000000000000000e+00,1.173739606488173257e-02,6.667108904774980346e-03
6.099058995046985863e-03,1.097448578463346668e-02,9.034506890338448240e-03,9.549850936028126888e-03,-4.471098658878297147e-03,1.320151412043277066e-02,4.683054838245321976e-03,2.082990529592600518e-02,4.460712219869128470e-03,1.584922942604095192e-02,1.230616675762520769e-02,1.863730722404336945e-02,-1.370615468654872826e-04,2.205437550219331924e-02,1.158880530041423449e-03,2.494242369039365720e-02,1.173739606488173257e-02,0.000000000000000000e+00,6.368604500965130422e-03
1.227638864710134739e-02,7.754055679138669929e-03,9.246432262623578008e-03,5.753486329909550563e-03,4.816723590780357112e-03,6.420235209522067929e-03,7.623662230306260841e-04,2.683363075554177912e-02,1.103481234619082402e-02,2.162878662983319308e-02,1.026014571511764742e-02,1.894007098503850198e-02,2.962730017888532894e-03,1.843423438816482046e-02,2.798818516658395979e-03,2.661208922291425499e-02,6.667108904774980346e-03,6.368604500965130422e-03,0.000000000000000000e+00
