0.000000000000000000e+00,-1.221658242884063501e-02,3.670555973252394993e-02,7.929908863659355933e-02,1.638996173130781789e-02,9.458439134978803564e-02,1.053921087400337383e-03,4.849278265983243512e-03,2.330720363507167436e-02,8.058563793291305399e-02,-2.229209009901119212e-02,-1.867150133308942417e-02,-1.592231507186579742e-02,-1.015031539531145895e-02,-9.415556485659908395e-03,-3.246150836056400923e-04,1.086103258485113764e-02,-2.631171140626118246e-03,1.027976816250322084e-02
-1.221658242884063501e-02,0.000000000000000000e+00,-1.622243172150102802e-02,1.047695990631943158e-01,3.332543509053271374e-02,6.551076518098793156e-02,1.626587010551804394e-02,2.513641106799351099e-03,1.546083171306806593e-02,5.078377507753234488e-02,2.881970275100912207e-02,2.826877458099105733e-02,-2.172887888795779418e-02,1.027859848339571572e-02,-5.843424402331133527e-03,2.107856849948611111e-02,-7.269351178761364503e-03,-1.629974966867073910e-02,-9.602998138204709572e-03
3.670555973252394993e-02,-1.622243172150102802e-02,0.000000000000000000e+00,5.051557160480407531e-03,-2.361881999719934663e-02,8.691782821702627448e-02,-1.635575043979358920e-02,-1.648001363981247205e-02,3.671385594909975982e-03,-8.269196827156198928e-03,-7.362785442100888700e-02,-6.513760615526247542e-03,-1.400218660133092756e-02,3.447283181782287344e-03,1.432634782170121197e-02,3.962890921825677586e-03,-1.161727310736576473e-02,6.316437579042159974e-03,-2.313431228021117433e-02
7.929908863659355933e-02,1.047695990631943158e-01,5.051557160480407531e-03,0.000000000000000000e+00,8.878873135926196314e-02,4.195853548618799084e-02,-3.749211824109609237e-03,2.431203077280857938e-02,-3.644858043198789550e-03,3.351638437486583605e-02,1.092885429309684436e-01,2.697338282391454831e-02,-5.241957382068125615e-03,-1.487888298699070744e-02,-3.818315506152864924e-03,1.471578508662166719e-03,3.971838794255904553e-02,-7.995633879545856540e-03,-1.017981684509459105e-02
1.638996173130781789e-02,3.332543509053271374e-02,-2.361881999719934663e-02,8.878873135926196314e-02,0.000000000000000000e+00,-1.433599436650258990e-02,1.005205495546283509e-02,8.849998412115608545e-03,-1.398932083243515506e-02,-8.264578772194341311e-03,3.623625407475464504e-03,6.695570437664238699e-03,-5.840581773694800138e-03,3.591893184564568658e-02,-9.721507141704201216e-03,-6.596941452586595200e-03,-7.841994790697909626e-03,-8.920166116733383582e-03,-3.290064493254455172e-03
9.458439134978803564e-02,6.551076518098793156e-02,8.691782821702627448e-02,4.195853548618799084e-02,-1.433599436650258990e-02,0.000000000000000000e+00,2.715609031216034350e-02,3.347704046696172581e-02,8.270842822521047577e-02,9.605838984962307425e-02,-3.679472135446681252e-02,1.482937986151074972e-01,4.838122006763793254e-02,5.927463765591345357e-02,7.793489104742405693e-02,-1.953997161037336269e-02,6.179893666773910582e-02,8.556791217650596554e-04,-9.677233236384167811e-03
1.053921087400337383e-03,1.626587010551804394e-02,-1.635575043979358920e-02,-3.749211824109609237e-03,1.005205495546283509e-02,2.715609031216034350e-02,0.000000000000000000e+00,2.022583094357251546e-02,-8.704624281249259340e-03,-5.304030153386982312e-03,3.871815412516512594e-02,-8.742447832041167280e-03,1.895229203977844392e-03,-1.105784576562049253e-02,-1.370157446017347853e-02,-8.383934438954422294e-03,-1.580282808503072345e-02,-1.206633528856091743e-02,-1.094989460951475979e-02
4.849278265983243512e-03,2.513641106799351099e-03,-1.648001363981247205e-02,2.431203077280857938e-02,8.849998412115608545e-03,3.347704046696172581e-02,2.022583094357251546e-02,0.000000000000000000e+00,6.619824906632608419e-02,1.017105764657730976e-02,7.005141716845310340e-02,5.891953574439856046e-03,1.688795009438612618e-02,4.855844905281579520e-03,3.700849603172051000e-02,-2.243039458131731827e-03,-2.899216236930264243e-02,-1.145165059280666732e-02,2.343233625182726890e-02
2.330720363507167436e-02,1.546083171306806593e-02,3.671385594909975982e-03,-3.644858043198789550e-03,-1.398932083243515506e-02,8.270842822521047577e-02,-8.704624281249259340e-03,6.619824906632608419e-02,0.000000000000000000e+00,-3.399733617517962381e-03,1.652786764024553878e-01,-5.500137823247174852e-03,-1.204560286549567934e-02,3.876735008297771401e-03,-7.666897130459884857e-03,9.708576140370116583e-03,-3.373082743308466330e-03,-1.025739375102209701e-02,-9.399509725069163033e-03
8.058563793291305399e-02,5.078377507753234488e-02,-8.269196827156198928e-03,3.351638437486583605e-02,-8.264578772194341311e-03,9.605838984962307425e-02,-5.304030153386982312e-03,1.017105764657730976e-02,-3.399733617517962381e-03,0.000000000000000000e+00,2.362087355181833048e-01,-1.384133435125969175e-02,4.916259514134794497e-04,1.026992553091037215e-02,-1.072241188565832039e-02,8.286949661229222469e-03,-1.223552606781195574e-02,1.452498274778118992e-02,-1.376426212274099899e-02
-2.229209009901119212e-02,2.881970275100912207e-02,-7.362785442100888700e-02,1.092885429309684436e-01,3.623625407475464504e-03,-3.679472135446681252e-02,3.871815412516512594e-02,7.005141716845310340e-02,1.652786764024553878e-01,2.362087355181833048e-01,0.000000000000000000e+00,3.636143075298974292e-01,1.204311227010603086e-01,2.785692148484711361e-02,1.661015166597689940e-01,1.021533078851803028e-01,1.281916660303888435e-02,-1.410293131983226395e-02,-5.643634373975423566e-04
-1.867150133308942417e-02,2.826877458099105733e-02,-6.513760615526247542e-03,2.697338282391454831e-02,6.695570437664238699e-03,1.482937986151074972e-01,-8.742447832041167280e-03,5.891953574439856046e-03,-5.500137823247174852e-03,-1.384133435125969175e-02,3.636143075298974292e-01,0.000000000000000000e+00,-1.320861024748357614e-02,6.895424935798084680e-03,1.464638865675742078e-02,1.826195029091623456e-02,8.005816246442108708e-03,-8.693309147928878974e-04,-1.687336180364466809e-02
-1.592231507186579742e-02,-2.172887888795779418e-02,-1.400218660133092756e-02,-5.241957382068125615e-03,-5.840581773694800138e-03,4.838122006763793254e-02,1.895229203977844392e-03,1.688795009438612618e-02,-1.204560286549567934e-02,4.916259514134794497e-04,1.204311227010603086e-01,-1.320861024748357614e-02,0.000000000000000000e+00,5.461710202346351656e-02,-1.535449990977282540e-02,2.330229138012773760e-02,-1.114531246078969383e-02,-1.288455563585674292e-02,-1.999630059561050346e-02
-1.015031539531145895e-02,1.027859848339571572e-02,3.447283181782287344e-03,-1.487888298699070744e-02,3.591893184564568658e-02,5.927463765591345357e-02,-1.105784576562049253e-02,4.855844905281579520e-03,3.876735008297771401e-03,1.026992553091037215e-02,2.785692148484711361e-02,6.895424935798084680e-03,5.461710202346351656e-02,0.000000000000000000e+00,3.373840394380785840e-02,2.700353102881325462e-02,-4.916055088259227955e-03,-1.533846381203050847e-03,-1.629384340959472849e-02
-9.415556485659908395e-03,-5.843424402331133527e-03,1.432634782170121197e-02,-3.818315506152864924e-03,-9.721507141704201216e-03,7.793489104742405693e-02,-1.370157446017347853e-02,3.700849603172051000e-02,-7.666897130459884857e-03,-1.072241188565832039e-02,1.661015166597689940e-01,1.464638865675742078e-02,-1.535449990977282540e-02,3.373840394380785840e-02,0.000000000000000000e+00,1.977945369871252426e-02,-4.656467438160318863e-03,-3.675158431949904648e-03,-9.615435950533378004e-03
-3.246150836056400923e-04,2.107856849948611111e-02,3.962890921825677586e-03,1.471578508662166719e-03,-6.596941452586595200e-03,-1.953997161037336269e-02,-8.383934438954422294e-03,-2.243039458131731827e-03,9.708576140370116583e-03,8.286949661229222469e-03,1.021533078851803028e-01,1.826195029091623456e-02,2.330229138012773760e-02,2.700353102881325462e-02,1.977945369871252426e-02,0.000000000000000000e+00,-6.701057311186371657e-03,4.419460438785231121e-02,-1.752367238766677424e-02
1.086103258485113764e-02,-7.269351178761364503e-03,-1.161727310736576473e-02,3.971838794255904553e-02,-7.841994790697909626e-03,6.179893666773910582e-02,-1.580282808503072345e-02,-2.899216236930264243e-02,-3.373082743308466330e-03,-1.223552606781195574e-02,1.281916660303888435e-02,8.005816246442108708e-03,-1.114531246078969383e-02,-4.916055088259227955e-03,-4.656467438160318863e-03,-6.701057311186371657e-03,0.000000000000000000e+00,7.941388152448186633e-03,-1.450257604466750894e-02
-2.631171140626118246e-03,-1.629974966867073910e-02,6.316437579042159974e-03,-7.995633879545856540e-03,-8.920166116733383582e-03,8.556791217650596554e-04,-1.206633528856091743e-02,-1.145165059280666732e-02,-1.025739375102209701e-02,1.452498274778118992e-02,-1.410293131983226395e-02,-8.693309147928878974e-04,-1.288455563585674292e-02,-1.533846381203050847e-03,-3.675158431949904648e-03,4.419460438785231121e-02,7.941388152448186633e-03,0.000000000000000000e+00,-6.637602038685241901e-03
1.027976816250322084e-02,-9.602998138204709572e-03,-2.313431228021117433e-02,-1.017981684509459105e-02,-3.290064493254455172e-03,-9.677233236384167811e-03,-1.094989460951475979e-02,2.343233625182726890e-02,-9.399509725069163033e-03,-1.376426212274099899e-02,-5.643634373975423566e-04,-1.687336180364466809e-02,-1.999630059561050346e-02,-1.629384340959472849e-02,-9.615435950533378004e-03,-1.752367238766677424e-02,-1.450257604466750894e-02,-6.637602038685241901e-03,0.000000000000000000e+00
