0.000000000000000000e+00,1.249499375499152180e-02,1.482973198787337354e-01,3.147178372941415031e-02,4.369839824982500211e-03,2.377595665906680200e-02,-5.544522088659447484e-03,2.328836104680986896e-03,1.013436775175327459e-01,1.177071616041047014e-01,-1.685771727732913311e-02,1.754069069820713908e-02,-1.363758707378017430e-02,-6.216149982106066417e-03,2.762107499556739829e-02,-8.021370828708018763e-03,5.561866934707773713e-02,2.340999795325086549e-02,6.652670610665485651e-02
1.249499375499152180e-02,0.000000000000000000e+00,5.907295100334003513e-02,8.654906887452518127e-02,-9.045062562652606344e-03,4.292163906186183958e-02,-4.793020428766877304e-03,1.319919994082632657e-02,1.528182689811175519e-02,8.485391057666759329e-02,4.649100189291988094e-03,1.281772968021430426e-01,-4.612419780324692430e-03,8.009667227080029955e-03,7.667948648404612939e-03,4.369311844698092057e-02,5.205907907927834199e-02,3.909342558811292057e-02,1.251279666476369512e-01
1.482973198787337354e-01,5.907295100334003513e-02,0.000000000000000000e+00,-1.390062589491488504e-02,6.151628097104947651e-02,9.949833237992077029e-02,-2.840625276137787383e-03,6.101879061758185702e-02,-1.158861548718452582e-03,1.561892102052385965e-04,9.286004987158799628e-03,-1.323000696499505163e-02,-7.428059609129618150e-03,-9.983661351170527998e-03,5.617199057077704172e-02,2.630235642937456264e-02,5.206255112908129805e-03,1.136443696963235356e-01,1.653142602184873300e-01
3.147178372941415031e-02,8.654906887452518127e-02,-1.390062589491488504e-02,0.000000000000000000e+00,5.758812351968364829e-02,5.709291001755931877e-02,9.461588570190422598e-02,3.679193170123148948e-02,5.385548790097580141e-02,-1.337266725445393316e-02,8.960533748427808309e-02,-1.153595498653535965e-02,-4.859898732922287613e-03,6.538191056858592975e-02,-1.526000697392011600e-02,1.306079949424574782e-01,-3.549769589569061901e-03,1.522422649574449449e-01,3.015637095329839479e-01
4.369839824982500211e-03,-9.045062562652606344e-03,6.151628097104947651e-02,5.758812351968364829e-02,0.000000000000000000e+00,-9.809592966696482636e-04,-4.059006071003558487e-03,1.056442633227669924e-02,-3.031972359582680437e-03,4.139215175572649730e-02,-9.880258929289424327e-03,4.215770820978462230e-02,-5.273723661691730180e-03,4.793219735358913124e-03,-1.066680619111499972e-02,-3.366272120418304249e-03,6.591629014397894226e-02,4.041437720577676675e-03,4.847956360853525326e-02
2.377595665906680200e-02,4.292163906186183958e-02,9.949833237992077029e-02,5.709291001755931877e-02,-9.809592966696482636e-04,0.000000000000000000e+00,1.090953181140240508e-01,2.385824675299509645e-02,1.130706653089636332e-01,6.363233844794657229e-03,1.243079088563091572e-01,-1.045369844356055372e-02,-7.561948251738118826e-03,1.788344412769217115e-02,8.742642558454875867e-02,-8.573860914708436587e-03,1.297281611145566504e-01,-8.980262352419811356e-03,1.404890662476711294e-01
-5.544522088659447484e-03,-4.793020428766877304e-03,-2.840625276137787383e-03,9.461588570190422598e-02,-4.059006071003558487e-03,1.090953181140240508e-01,0.000000000000000000e+00,2.571629456575781278e-02,4.188924065177505179e-02,4.972535440814581514e-02,4.587340753317120136e-03,1.160471097669876911e-01,-2.924339743787319687e-03,-4.435529047539721846e-03,4.266966150427342619e-02,3.970907619492577284e-02,5.621716280892005702e-02,1.010300489286944797e-01,1.698764973766891673e-01
2.328836104680986896e-03,1.319919994082632657e-02,6.101879061758185702e-02,3.679193170123148948e-02,1.056442633227669924e-02,2.385824675299509645e-02,2.571629456575781278e-02,0.000000000000000000e+00,1.378659354825073347e-01,8.494339525848432215e-02,5.741164703640780180e-03,-3.578719507453290496e-03,-5.404964755303787345e-03,3.109664352701513226e-03,3.728151057298032672e-02,1.716926038142629755e-04,8.966906260439370946e-02,5.170163518207402525e-02,-1.258639603258524496e-02
1.013436775175327459e-01,1.528182689811175519e-02,-1.158861548718452582e-03,5.385548790097580141e-02,-3.031972359582680437e-03,1.130706653089636332e-01,4.188924065177505179e-02,1.378659354825073347e-01,0.000000000000000000e+00,-8.058123749810075509e-03,1.029035790899741759e-01,1.931923202283173865e-02,1.124784482127788414e-02,1.499879047086341739e-02,1.930936249771153523e-02,2.897346620364357403e-02,5.667373984865921310e-04,1.356558250516274045e-01,4.669543544902153287e-01
1.177071616041047014e-01,8.485391057666759329e-02,1.561892102052385965e-04,-1.337266725445393316e-02,4.139215175572649730e-02,6.363233844794657229e-03,4.972535440814581514e-02,8.494339525848432215e-02,-8.058123749810075509e-03,0.000000000000000000e+00,4.022131977341764780e-02,5.031676240618335703e-03,-1.126444682043773772e-02,8.343509846003412112e-03,-1.653666233038952882e-02,2.310122037609832826e-02,-1.870708542293464394e-02,1.137201957872294167e-01,3.987687771866179065e-01
-1.685771727732913311e-02,4.649100189291988094e-03,9.286004987158799628e-03,8.960533748427808309e-02,-9.880258929289424327e-03,1.243079088563091572e-01,4.587340753317120136e-03,5.741164703640780180e-03,1.029035790899741759e-01,4.022131977341764780e-02,0.000000000000000000e+00,3.437790765229845665e-03,-9.120491512297186978e-03,7.011528955008484131e-03,5.334234225255413131e-02,-5.707631102189597398e-03,6.319833923917474172e-02,8.235364749545248664e-02,1.458182592312611686e-02
1.754069069820713908e-02,1.281772968021430426e-01,-1.323000696499505163e-02,-1.153595498653535965e-02,4.215770820978462230e-02,-1.045369844356055372e-02,1.160471097669876911e-01,-3.578719507453290496e-03,1.931923202283173865e-02,5.031676240618335703e-03,3.437790765229845665e-03,0.000000000000000000e+00,-1.535278843521571852e-02,2.814543577540589217e-02,1.076439378772831197e-02,1.038154516667471744e-01,-6.530534166833960007e-03,1.116484990955903811e-01,2.105080796197156545e-01
-1.363758707378017430e-02,-4.612419780324692430e-03,-7.428059609129618150e-03,-4.859898732922287613e-03,-5.273723661691730180e-03,-7.561948251738118826e-03,-2.924339743787319687e-03,-5.404964755303787345e-03,1.124784482127788414e-02,-1.126444682043773772e-02,-9.120491512297186978e-03,-1.535278843521571852e-02,0.000000000000000000e+00,-2.495706278759177513e-03,-1.606679963985708712e-02,9.896073055811437091e-04,1.745502895950841460e-02,-1.771253498976935528e-02,-1.372291600949276068e-02
-6.216149982106066417e-03,8.009667227080029955e-03,-9.983661351170527998e-03,6.538191056858592975e-02,4.793219735358913124e-03,1.788344412769217115e-02,-4.435529047539721846e-03,3.109664352701513226e-03,1.499879047086341739e-02,8.343509846003412112e-03,7.011528955008484131e-03,2.814543577540589217e-02,-2.495706278759177513e-03,0.000000000000000000e+00,-1.010268133370358611e-02,-2.175376850882848601e-02,2.738724892268015743e-02,2.214461743738039765e-02,5.874753203796988926e-02
2.762107499556739829e-02,7.667948648404612939e-03,5.617199057077704172e-02,-1.526000697392011600e-02,-1.066680619111499972e-02,8.742642558454875867e-02,4.266966150427342619e-02,3.728151057298032672e-02,1.930936249771153523e-02,-1.653666233038952882e-02,5.334234225255413131e-02,1.076439378772831197e-02,-1.606679963985708712e-02,-1.010268133370358611e-02,0.000000000000000000e+00,-9.908892088628397030e-03,2.273164842344152156e-02,1.033640389757579763e-02,1.491595491433148069e-01
-8.021370828708018763e-03,4.369311844698092057e-02,2.630235642937456264e-02,1.306079949424574782e-01,-3.366272120418304249e-03,-8.573860914708436587e-03,3.970907619492577284e-02,1.716926038142629755e-04,2.897346620364357403e-02,2.310122037609832826e-02,-5.707631102189597398e-03,1.038154516667471744e-01,9.896073055811437091e-04,-2.175376850882848601e-02,-9.908892088628397030e-03,0.000000000000000000e+00,3.118898392573382986e-02,-9.031865728954343100e-03,2.692776582670032212e-02
5.561866934707773713e-02,5.205907907927834199e-02,5.206255112908129805e-03,-3.549769589569061901e-03,6.591629014397894226e-02,1.297281611145566504e-01,5.621716280892005702e-02,8.966906260439370946e-02,5.667373984865921310e-04,-1.870708542293464394e-02,6.319833923917474172e-02,-6.530534166833960007e-03,1.745502895950841460e-02,2.738724892268015743e-02,2.273164842344152156e-02,3.118898392573382986e-02,0.000000000000000000e+00,2.227059484053939553e-01,3.167742135988493857e-01
2.340999795325086549e-02,3.909342558811292057e-02,1.136443696963235356e-01,1.522422649574449449e-01,4.041437720577676675e-03,-8.980262352419811356e-03,1.010300489286944797e-01,5.170163518207402525e-02,1.356558250516274045e-01,1.137201957872294167e-01,8.235364749545248664e-02,1.116484990955903811e-01,-1.771253498976935528e-02,2.214461743738039765e-02,1.033640389757579763e-02,-9.031865728954343100e-03,2.227059484053939553e-01,0.000000000000000000e+00,2.103707807127007667e-01
6.652670610665485651e-02,1.251279666476369512e-01,1.653142602184873300e-01,3.015637095329839479e-01,4.847956360853525326e-02,1.404890662476711294e-01,1.698764973766891673e-01,-1.258639603258524496e-02,4.669543544902153287e-01,3.987687771866179065e-01,1.458182592312611686e-02,2.105080796197156545e-01,-1.372291600949276068e-02,5.874753203796988926e-02,1.491595491433148069e-01,2.692776582670032212e-02,3.167742135988493857e-01,2.103707807127007667e-01,0.000000000000000000e+00
