0.000000000000000000e+00,6.801806038091173789e-02,4.800943881031980581e-02,1.548603952847800447e-01,2.026046791443683048e-01,1.473515011468730096e-01,1.369996840816462280e-01,2.113593967048691402e-01,1.502811605783798132e-01,2.155680514928211555e-01,7.213480076234110583e-02,1.119931119523964597e-01,9.614708777310657095e-02,1.536311042914971225e-01,2.983709620577253419e-01,1.744576543259970525e-01,1.902460087245874676e-01,2.104245564048015105e-01,3.394066870366730382e-01
6.801806038091173789e-02,0.000000000000000000e+00,6.449711965283926041e-02,2.532777625280258071e-01,1.849237988898060903e-01,1.549216840355465141e-01,1.660419385589130548e-01,2.051988810537787589e-01,1.409948485984323929e-01,1.701377120526305076e-01,7.405357048913875639e-02,1.470652411209333044e-01,6.991555698788824713e-02,1.623980345950018778e-01,2.985479401757252793e-01,2.173237576626610434e-01,1.594538108478303906e-01,1.900410771846069991e-01,3.547181835515786363e-01
4.800943881031980581e-02,6.449711965283926041e-02,0.000000000000000000e+00,7.613224650555225348e-02,2.032473156148951188e-01,1.366466405071130596e-01,9.284600435931190943e-02,1.602451460826708474e-01,4.993841809225955247e-02,1.549315988788653176e-01,9.598024259142491632e-02,7.478786228402393987e-02,1.213504564956209564e-01,1.239280352027440218e-01,2.944279287075209917e-01,1.385371571783803601e-01,1.878437455742872353e-01,2.031560211003837768e-01,2.717716621919583075e-01
1.548603952847800447e-01,2.532777625280258071e-01,7.613224650555225348e-02,0.000000000000000000e+00,1.686858271391848962e-01,2.293405695577288850e-01,1.925793620460297118e-01,1.082463731136106416e-01,9.974290601509382126e-02,1.038435319482342856e-01,8.963984772351266117e-02,1.652696677786548163e-01,9.717071817336560280e-02,2.004633092577588482e-01,2.876992963149096472e-01,1.469946750032001259e-01,1.502344038578863616e-01,2.464164975470709007e-01,3.362795619917621215e-01
2.026046791443683048e-01,1.849237988898060903e-01,2.032473156148951188e-01,1.686858271391848962e-01,0.000000000000000000e+00,1.152328884401250808e-01,2.174811434529333454e-01,1.901529190963337224e-01,1.492665294606866644e-01,1.296434055371228911e-01,1.100199034939674386e-01,1.292356082312015320e-01,1.579343620207291077e-01,1.411787066360496723e-01,2.048371596724922195e-01,1.775750645160481533e-01,2.444074170342627472e-01,1.841233786235032532e-01,2.504758788596422869e-01
1.473515011468730096e-01,1.549216840355465141e-01,1.366466405071130596e-01,2.293405695577288850e-01,1.152328884401250808e-01,0.000000000000000000e+00,1.162509892675613193e-01,1.981460375076848635e-01,1.076179896630930777e-01,1.547669049809111408e-01,8.918802932399561012e-02,1.185008458150169919e-01,2.188843703362225793e-02,1.972502439897007576e-01,5.367629948673396240e-02,1.296377581853715155e-01,2.053757714252588684e-01,2.654576805392042105e-01,2.218653634814794218e-01
1.369996840816462280e-01,1.660419385589130548e-01,9.284600435931190943e-02,1.925793620460297118e-01,2.174811434529333454e-01,1.162509892675613193e-01,0.000000000000000000e+00,1.918290495453931488e-01,2.893234158539596534e-01,1.476983550397718004e-01,7.721492801171765674e-02,8.702313155658600308e-02,4.145623490978741360e-02,1.790791774266513314e-01,4.066912729890961309e-01,1.696702614871974935e-01,1.942960843708376462e-01,1.876554932893804706e-01,1.986131514372100615e-01
2.113593967048691402e-01,2.051988810537787589e-01,1.602451460826708474e-01,1.082463731136106416e-01,1.901529190963337224e-01,1.981460375076848635e-01,1.918290495453931488e-01,0.000000000000000000e+00,9.257411924181468965e-02,1.432400320295623419e-01,1.699869817268246097e-01,2.131017587429393789e-01,6.605368370164124703e-02,2.614761002809535273e-01,1.473031403813580276e-01,2.877283290174222907e-01,1.419796963708296611e-01,2.606225437254899857e-01,3.412031231715513813e-01
1.502811605783798132e-01,1.409948485984323929e-01,4.993841809225955247e-02,9.974290601509382126e-02,1.492665294606866644e-01,1.076179896630930777e-01,2.893234158539596534e-01,9.257411924181468965e-02,0.000000000000000000e+00,7.317362774207743226e-02,1.075482254856448688e-01,1.762156219343901375e-01,6.776983203319253413e-02,1.867199430004938265e-01,4.234841930318747893e-01,7.610001465001797749e-02,1.355146196902828337e-01,1.888943844407582062e-01,2.687178974565122003e-01
2.155680514928211555e-01,1.701377120526305076e-01,1.549315988788653176e-01,1.038435319482342856e-01,1.296434055371228911e-01,1.547669049809111408e-01,1.476983550397718004e-01,1.432400320295623419e-01,7.317362774207743226e-02,0.000000000000000000e+00,2.182377831019701175e-01,1.578106215577194937e-01,5.418997246018337349e-02,1.939632023718690923e-01,1.739138140080332406e-01,3.045755307544642521e-01,1.031674427929406973e-01,2.209359842068536195e-01,3.358607809096562646e-01
7.213480076234110583e-02,7.405357048913875639e-02,9.598024259142491632e-02,8.963984772351266117e-02,1.100199034939674386e-01,8.918802932399561012e-02,7.721492801171765674e-02,1.699869817268246097e-01,1.075482254856448688e-01,2.182377831019701175e-01,0.000000000000000000e+00,4.653090033469164249e-02,1.107807244415013326e-01,8.962497283980053187e-02,1.883074069774765547e-01,1.290601137892707917e-01,1.465036498926974018e-01,1.539532871775948497e-01,2.069397465635858246e-01
1.119931119523964597e-01,1.470652411209333044e-01,7.478786228402393987e-02,1.652696677786548163e-01,1.292356082312015320e-01,1.185008458150169919e-01,8.702313155658600308e-02,2.131017587429393789e-01,1.762156219343901375e-01,1.578106215577194937e-01,4.653090033469164249e-02,0.000000000000000000e+00,6.193707816905656693e-02,1.029183160531281643e-01,2.651950611007147240e-01,2.277644850955185818e-01,1.466167495396753506e-01,1.735938488408167446e-01,1.753751592395753067e-01
9.614708777310657095e-02,6.991555698788824713e-02,1.213504564956209564e-01,9.717071817336560280e-02,1.579343620207291077e-01,2.188843703362225793e-02,4.145623490978741360e-02,6.605368370164124703e-02,6.776983203319253413e-02,5.418997246018337349e-02,1.107807244415013326e-01,6.193707816905656693e-02,0.000000000000000000e+00,9.072774887293259816e-02,1.713275910671557267e-01,8.157273996516457848e-02,1.163872511459531078e-01,1.412197400274766423e-01,1.640204479774423907e-01
1.536311042914971225e-01,1.623980345950018778e-01,1.239280352027440218e-01,2.004633092577588482e-01,1.411787066360496723e-01,1.972502439897007576e-01,1.790791774266513314e-01,2.614761002809535273e-01,1.867199430004938265e-01,1.939632023718690923e-01,8.962497283980053187e-02,1.029183160531281643e-01,9.072774887293259816e-02,0.000000000000000000e+00,9.277523324960376683e-02,2.204004179869910041e-01,1.874334665532914057e-01,2.120877038358222610e-01,1.870906305732464581e-01
2.983709620577253419e-01,2.985479401757252793e-01,2.944279287075209917e-01,2.876992963149096472e-01,2.048371596724922195e-01,5.367629948673396240e-02,4.066912729890961309e-01,1.473031403813580276e-01,4.234841930318747893e-01,1.739138140080332406e-01,1.883074069774765547e-01,2.651950611007147240e-01,1.713275910671557267e-01,9.277523324960376683e-02,0.000000000000000000e+00,1.284758532647699569e-01,3.343132857405598513e-01,1.958247823807829635e-01,2.068075177822943644e-01
1.744576543259970525e-01,2.173237576626610434e-01,1.385371571783803601e-01,1.469946750032001259e-01,1.775750645160481533e-01,1.296377581853715155e-01,1.696702614871974935e-01,2.877283290174222907e-01,7.610001465001797749e-02,3.045755307544642521e-01,1.290601137892707917e-01,2.277644850955185818e-01,8.157273996516457848e-02,2.204004179869910041e-01,1.284758532647699569e-01,0.000000000000000000e+00,2.452603948665278977e-01,2.845122178064944385e-01,3.578286224525047410e-01
1.902460087245874676e-01,1.594538108478303906e-01,1.878437455742872353e-01,1.502344038578863616e-01,2.444074170342627472e-01,2.053757714252588684e-01,1.942960843708376462e-01,1.419796963708296611e-01,1.355146196902828337e-01,1.031674427929406973e-01,1.465036498926974018e-01,1.466167495396753506e-01,1.163872511459531078e-01,1.874334665532914057e-01,3.343132857405598513e-01,2.452603948665278977e-01,0.000000000000000000e+00,2.119864496956626043e-01,3.626684601057445501e-01
2.104245564048015105e-01,1.900410771846069991e-01,2.031560211003837768e-01,2.464164975470709007e-01,1.841233786235032532e-01,2.654576805392042105e-01,1.876554932893804706e-01,2.606225437254899857e-01,1.888943844407582062e-01,2.209359842068536195e-01,1.539532871775948497e-01,1.735938488408167446e-01,1.412197400274766423e-01,2.120877038358222610e-01,1.958247823807829635e-01,2.845122178064944385e-01,2.119864496956626043e-01,0.000000000000000000e+00,3.043401025641833124e-01
3.394066870366730382e-01,3.547181835515786363e-01,2.717716621919583075e-01,3.362795619917621215e-01,2.504758788596422869e-01,2.218653634814794218e-01,1.986131514372100615e-01,3.412031231715513813e-01,2.687178974565122003e-01,3.358607809096562646e-01,2.069397465635858246e-01,1.753751592395753067e-01,1.640204479774423907e-01,1.870906305732464581e-01,2.068075177822943644e-01,3.578286224525047410e-01,3.626684601057445501e-01,3.043401025641833124e-01,0.000000000000000000e+00
