0.000000000000000000e+00,-3.668206335510020705e-02,-2.045395409551483204e-02,-7.218512080248472296e-02,3.664430294107628300e-02,5.480304341645993865e-02,4.468714429171553176e-02,2.873137888347362251e-04,5.926998700621279731e-02,-8.951842989831771888e-03,-1.789189812604883439e-02,-1.380896754282151806e-01,-2.005164863486047153e-02,-6.255850235862486092e-03,-1.589964936280053795e-02,4.206366317934165378e-01,-3.749093170318263529e-02,-6.892041476519268628e-02,6.052729681858346616e-02
-3.668206335510020705e-02,0.000000000000000000e+00,-2.713861286683984589e-02,-3.760400229058356164e-02,4.044776249595751633e-02,6.032438508188952414e-02,4.660516557311909086e-02,1.043342477427507409e-01,4.220560505639821963e-02,5.463397908706213446e-02,-1.661902693958746541e-02,-1.609309048573147882e-01,-1.306586621183957776e-02,-6.359179332719297473e-02,-6.937231083284714495e-03,4.124063225754414641e-01,-3.147806185585066280e-02,-3.707413892621790746e-02,1.450967224449097558e-02
-2.045395409551483204e-02,-2.713861286683984589e-02,0.000000000000000000e+00,-7.539302330789703251e-03,1.824315788046364517e-01,-1.632233953912932620e-02,8.251648981509886183e-02,-3.297935127141515127e-02,4.071966751990322569e-02,-2.214235576616765608e-02,-1.836765698319371004e-02,-4.436884490037277390e-02,-1.595918573609957439e-02,-3.025933134688041024e-02,-1.303472238099633203e-02,3.662510982813051430e-01,-2.509477584517323320e-02,1.045751233474292857e-01,2.240383931215893243e-01
-7.218512080248472296e-02,-3.760400229058356164e-02,-7.539302330789703251e-03,0.000000000000000000e+00,1.335716379580848857e-02,-5.568162933182427971e-02,-2.904647689645838485e-02,-3.376680819263686798e-03,-2.838998413233126059e-02,-4.152494772857794753e-02,-9.984564099454014061e-03,2.836277032051459090e-01,-5.364471809856904277e-02,1.014062949753504750e-01,-5.778739890397386475e-02,1.904994386676296392e-01,-4.159105028748204952e-02,4.625641669965265684e-02,6.075243376222519420e-02
3.664430294107628300e-02,4.044776249595751633e-02,1.824315788046364517e-01,1.335716379580848857e-02,0.000000000000000000e+00,2.389625112071992394e-02,9.317358069088761685e-02,-2.731187838760987599e-02,1.094574979938411491e-01,1.900186759703102191e-01,2.479686793495237615e-02,-8.081296165881490801e-03,1.206738443465895684e-02,-1.701125626683690564e-02,9.325725856434326222e-02,3.308874218769332631e-01,5.992270550905228615e-02,-2.652080623990100625e-02,3.118536740597875959e-02
5.480304341645993865e-02,6.032438508188952414e-02,-1.632233953912932620e-02,-5.568162933182427971e-02,2.389625112071992394e-02,0.000000000000000000e+00,1.101943509680130412e-01,-3.986924343548674081e-03,1.337581700136943053e-01,9.411363217375624812e-02,2.624615914477951631e-02,-3.214585283942127114e-02,7.449645889370938578e-02,-2.710088215034802198e-02,1.011953974280107096e-02,1.683598833620781610e-01,-1.299635355427427273e-02,2.836961429478743191e-02,5.392205683749371620e-02
4.468714429171553176e-02,4.660516557311909086e-02,8.251648981509886183e-02,-2.904647689645838485e-02,9.317358069088761685e-02,1.101943509680130412e-01,0.000000000000000000e+00,1.273092509217976266e-02,1.018475340658631101e-01,2.946660268854556786e-01,-1.737438630871276229e-03,-1.816966159130448122e-02,4.224806494507252208e-02,-1.125457870560093131e-02,4.232275750504796430e-01,7.320284858220025247e-03,9.691913866798561317e-02,2.424175450306225166e-01,1.906278602255141730e-02
2.873137888347362251e-04,1.043342477427507409e-01,-3.297935127141515127e-02,-3.376680819263686798e-03,-2.731187838760987599e-02,-3.986924343548674081e-03,1.273092509217976266e-02,0.000000000000000000e+00,2.594934004406467334e-02,6.765641838661914931e-02,-2.378694938172414095e-03,1.800601107706037152e-01,-2.218734451342319405e-02,1.858156253766320709e-01,3.361515129402033175e-02,1.739820720919711683e-01,-5.269208718148611810e-03,1.814081944552033976e-01,2.918442878433188947e-01
5.926998700621279731e-02,4.220560505639821963e-02,4.071966751990322569e-02,-2.838998413233126059e-02,1.094574979938411491e-01,1.337581700136943053e-01,1.018475340658631101e-01,2.594934004406467334e-02,0.000000000000000000e+00,3.087870758718547770e-01,-1.956359742437869739e-02,-4.416938581834157357e-02,1.289792136947941030e-02,7.969364812115296501e-03,2.492219769187445089e-01,1.920287928020819324e-01,8.351602743512061278e-02,2.423370391233904686e-01,3.215579596554015152e-01
-8.951842989831771888e-03,5.463397908706213446e-02,-2.214235576616765608e-02,-4.152494772857794753e-02,1.900186759703102191e-01,9.411363217375624812e-02,2.946660268854556786e-01,6.765641838661914931e-02,3.087870758718547770e-01,0.000000000000000000e+00,-2.961573041863125710e-03,8.258683738006029895e-02,2.448632477421945966e-02,3.360423919001809812e-01,9.218173507174098891e-02,7.212712422662804768e-01,8.945358958628395890e-03,3.271825628568072325e-02,5.171443633353792757e-01
-1.789189812604883439e-02,-1.661902693958746541e-02,-1.836765698319371004e-02,-9.984564099454014061e-03,2.479686793495237615e-02,2.624615914477951631e-02,-1.737438630871276229e-03,-2.378694938172414095e-03,-1.956359742437869739e-02,-2.961573041863125710e-03,0.000000000000000000e+00,-6.500630081881746125e-02,-2.338585949059732161e-02,8.728830913176784112e-03,-2.199382314923585199e-02,2.377763698859494124e-01,-2.893975161806983110e-02,-4.686521973060046170e-02,3.373027553716804322e-02
-1.380896754282151806e-01,-1.609309048573147882e-01,-4.436884490037277390e-02,2.836277032051459090e-01,-8.081296165881490801e-03,-3.214585283942127114e-02,-1.816966159130448122e-02,1.800601107706037152e-01,-4.416938581834157357e-02,8.258683738006029895e-02,-6.500630081881746125e-02,0.000000000000000000e+00,-6.287828977921132434e-02,-7.953604748797650503e-02,-2.698592331593382618e-02,3.503029856517304030e-01,-3.250916092827401543e-02,-1.809361342576439437e-03,-3.303932150203382073e-02
-2.005164863486047153e-02,-1.306586621183957776e-02,-1.595918573609957439e-02,-5.364471809856904277e-02,1.206738443465895684e-02,7.449645889370938578e-02,4.224806494507252208e-02,-2.218734451342319405e-02,1.289792136947941030e-02,2.448632477421945966e-02,-2.338585949059732161e-02,-6.287828977921132434e-02,0.000000000000000000e+00,-3.430649743116379741e-02,-2.466433574208286295e-02,3.226030639300239145e-01,-1.417722565732677277e-02,-4.823831173767566954e-02,-2.441447846956666320e-02
-6.255850235862486092e-03,-6.359179332719297473e-02,-3.025933134688041024e-02,1.014062949753504750e-01,-1.701125626683690564e-02,-2.710088215034802198e-02,-1.125457870560093131e-02,1.858156253766320709e-01,7.969364812115296501e-03,3.360423919001809812e-01,8.728830913176784112e-03,-7.953604748797650503e-02,-3.430649743116379741e-02,0.000000000000000000e+00,-3.791752809943086788e-03,3.400024048084654971e-01,-2.209165234316372642e-02,-4.850943153433093236e-02,-1.946086953306865389e-02
-1.589964936280053795e-02,-6.937231083284714495e-03,-1.303472238099633203e-02,-5.778739890397386475e-02,9.325725856434326222e-02,1.011953974280107096e-02,4.232275750504796430e-01,3.361515129402033175e-02,2.492219769187445089e-01,9.218173507174098891e-02,-2.199382314923585199e-02,-2.698592331593382618e-02,-2.466433574208286295e-02,-3.791752809943086788e-03,0.000000000000000000e+00,-2.973101163352687842e-03,2.125368463408661493e-02,-4.008157972618536097e-02,4.346745384422553982e-02
4.206366317934165378e-01,4.124063225754414641e-01,3.662510982813051430e-01,1.904994386676296392e-01,3.308874218769332631e-01,1.683598833620781610e-01,7.320284858220025247e-03,1.739820720919711683e-01,1.920287928020819324e-01,7.212712422662804768e-01,2.377763698859494124e-01,3.503029856517304030e-01,3.226030639300239145e-01,3.400024048084654971e-01,-2.973101163352687842e-03,0.000000000000000000e+00,2.679098534515133578e-01,1.087416113359927633e-01,1.044519710396397544e-01
-3.749093170318263529e-02,-3.147806185585066280e-02,-2.509477584517323320e-02,-4.159105028748204952e-02,5.992270550905228615e-02,-1.299635355427427273e-02,9.691913866798561317e-02,-5.269208718148611810e-03,8.351602743512061278e-02,8.945358958628395890e-03,-2.893975161806983110e-02,-3.250916092827401543e-02,-1.417722565732677277e-02,-2.209165234316372642e-02,2.125368463408661493e-02,2.679098534515133578e-01,0.000000000000000000e+00,1.492483795127627355e-01,2.389975971330493554e-01
-6.892041476519268628e-02,-3.707413892621790746e-02,1.045751233474292857e-01,4.625641669965265684e-02,-2.652080623990100625e-02,2.836961429478743191e-02,2.424175450306225166e-01,1.814081944552033976e-01,2.423370391233904686e-01,3.271825628568072325e-02,-4.686521973060046170e-02,-1.809361342576439437e-03,-4.823831173767566954e-02,-4.850943153433093236e-02,-4.008157972618536097e-02,1.087416113359927633e-01,1.492483795127627355e-01,0.000000000000000000e+00,5.669153517114456919e-01
6.052729681858346616e-02,1.450967224449097558e-02,2.240383931215893243e-01,6.075243376222519420e-02,3.118536740597875959e-02,5.392205683749371620e-02,1.906278602255141730e-02,2.918442878433188947e-01,3.215579596554015152e-01,5.171443633353792757e-01,3.373027553716804322e-02,-3.303932150203382073e-02,-2.441447846956666320e-02,-1.946086953306865389e-02,4.346745384422553982e-02,1.044519710396397544e-01,2.389975971330493554e-01,5.669153517114456919e-01,0.000000000000000000e+00
