0.000000000000000000e+00,-1.269751323433883361e-02,3.201023219999087760e-02,-1.845400047264255522e-03,-4.736065290596510745e-04,2.636395599135826773e-02,-1.161062869432192418e-02,-1.268363584636129915e-02,1.530172499493348028e-02,6.455519134321913155e-02,2.425731965631662893e-02,-1.152874643866859394e-02,5.769821317044990239e-02,3.376880312090886904e-01,3.376880312090886904e-01,6.120592711483682953e-03,2.382672885025991505e-01,2.075316373554740232e-02,-1.524668499129957057e-03
-1.269751323433883361e-02,0.000000000000000000e+00,2.072511704407823221e-04,1.337120576719030320e-02,-6.889890590252814584e-03,2.346454267748650582e-02,-4.961271517431788125e-03,-1.324101904015727305e-02,1.333564285644557590e-02,6.147569043735966882e-02,4.010466353974442150e-02,-1.662591939943948785e-02,1.092420180603465713e-02,2.203434190690118644e-01,2.203434190690118644e-01,3.040921181212778972e-03,1.799111813895563905e-01,2.403396282665782799e-02,1.933194756498828699e-03
3.201023219999087760e-02,2.072511704407823221e-04,0.000000000000000000e+00,1.774001298334042243e-02,1.340521143963719908e-01,-3.752326879763383943e-03,6.114939143933064694e-04,-9.288232264391257584e-03,3.251226759557545448e-02,-4.625661344775073604e-03,-1.760141689506377824e-02,1.848870444891946227e-02,1.942823041643124415e-01,8.786802078671966318e-03,8.786802078671966318e-03,9.660695144269367679e-04,3.748937074686776311e-02,4.070934814212568559e-02,-3.757291329497876742e-03
-1.845400047264255522e-03,1.337120576719030320e-02,1.774001298334042243e-02,0.000000000000000000e+00,2.093535596613945240e-02,2.738793385657195198e-02,1.982092506816482066e-02,2.810874433024937100e-02,-1.165451521432619986e-02,4.176072261882126518e-02,7.003299297647251620e-02,-1.211415681835610603e-02,3.080859845984053672e-02,-1.259654819811844260e-02,-1.259654819811844260e-02,5.799314621743244941e-02,4.249753857683883501e-02,8.639643056218158923e-02,1.665630973894039260e-02
-4.736065290596510745e-04,-6.889890590252814584e-03,1.340521143963719908e-01,2.093535596613945240e-02,0.000000000000000000e+00,3.939194193810987253e-03,4.474746449374089607e-02,-8.160511274066655288e-03,-1.268232497775952268e-02,-5.415610285983971268e-03,8.733015485083676921e-02,1.558025070590846051e-02,5.287030304664194075e-02,-1.250189020474695885e-02,-1.250189020474695885e-02,3.134548117464732841e-03,-3.351534462061525523e-03,9.841212093897494517e-02,3.314596232144086455e-03
2.636395599135826773e-02,2.346454267748650582e-02,-3.752326879763383943e-03,2.738793385657195198e-02,3.939194193810987253e-03,0.000000000000000000e+00,-1.294028146649046397e-02,4.148423531412141069e-02,9.388461353265356926e-03,2.328467308445318976e-02,-4.116427338196615437e-03,2.914188556213032077e-03,-7.955064151368379174e-03,-4.977636085889292766e-03,-4.977636085889292766e-03,1.012591288653643708e-02,7.921505407852509270e-03,-6.848490438381981370e-03,-1.530979275604568007e-02
-1.161062869432192418e-02,-4.961271517431788125e-03,6.114939143933064694e-04,1.982092506816482066e-02,4.474746449374089607e-02,-1.294028146649046397e-02,0.000000000000000000e+00,-7.284020127736229137e-03,-2.047092505811950027e-04,3.393145823909255593e-02,5.269496770663872377e-03,7.301256850689615864e-03,1.270822424112897919e-01,9.919363913653054740e-03,9.919363913653054740e-03,3.719865319292173927e-02,8.496977128475084740e-02,2.890701276540612666e-02,2.230739552001614889e-02
-1.268363584636129915e-02,-1.324101904015727305e-02,-9.288232264391257584e-03,2.810874433024937100e-02,-8.160511274066655288e-03,4.148423531412141069e-02,-7.284020127736229137e-03,0.000000000000000000e+00,1.261210816933645146e-02,1.237467417111742275e-02,-1.133862267377577782e-02,-1.220892181073737585e-02,2.748866002379010687e-02,-1.490401934244797028e-02,-1.490401934244797028e-02,4.493655884641597001e-03,-5.033749385472825223e-03,5.618875851676100736e-02,1.673554083503753925e-02
1.530172499493348028e-02,1.333564285644557590e-02,3.251226759557545448e-02,-1.165451521432619986e-02,-1.268232497775952268e-02,9.388461353265356926e-03,-2.047092505811950027e-04,1.261210816933645146e-02,0.000000000000000000e+00,1.891950999365385466e-02,4.149413365176005120e-02,-1.017680673533638558e-03,3.722772870647975824e-02,2.541228072815034447e-02,2.541228072815034447e-02,5.433338700464471378e-03,7.897795255071718423e-02,8.203738415006438245e-02,1.204215144463166021e-01
6.455519134321913155e-02,6.147569043735966882e-02,-4.625661344775073604e-03,4.176072261882126518e-02,-5.415610285983971268e-03,2.328467308445318976e-02,3.393145823909255593e-02,1.237467417111742275e-02,1.891950999365385466e-02,0.000000000000000000e+00,2.341278984791144921e-02,2.050213581383462935e-02,2.159026907286826225e-02,-4.447969598169026866e-03,-4.447969598169026866e-03,5.547219736388303568e-03,4.852100402355615655e-03,1.040273922521625510e-01,1.352471950057039241e-01
2.425731965631662893e-02,4.010466353974442150e-02,-1.760141689506377824e-02,7.003299297647251620e-02,8.733015485083676921e-02,-4.116427338196615437e-03,5.269496770663872377e-03,-1.133862267377577782e-02,4.149413365176005120e-02,2.341278984791144921e-02,0.000000000000000000e+00,2.655939171642186444e-02,2.445424962516066225e-01,5.654083022791475677e-02,5.654083022791475677e-02,1.337038269691254166e-03,4.735931586143312527e-02,-1.614183153957457484e-02,-1.607199824667930599e-02
-1.152874643866859394e-02,-1.662591939943948785e-02,1.848870444891946227e-02,-1.211415681835610603e-02,1.558025070590846051e-02,2.914188556213032077e-03,7.301256850689615864e-03,-1.220892181073737585e-02,-1.017680673533638558e-03,2.050213581383462935e-02,2.655939171642186444e-02,0.000000000000000000e+00,-1.099950747849300602e-02,-1.313122724422931958e-02,-1.313122724422931958e-02,1.022735254315652398e-03,-1.150442222242426156e-02,-7.593591649688029299e-03,-8.842301834248300976e-03
5.769821317044990239e-02,1.092420180603465713e-02,1.942823041643124415e-01,3.080859845984053672e-02,5.287030304664194075e-02,-7.955064151368379174e-03,1.270822424112897919e-01,2.748866002379010687e-02,3.722772870647975824e-02,2.159026907286826225e-02,2.445424962516066225e-01,-1.099950747849300602e-02,0.000000000000000000e+00,8.837129851215681786e-02,8.837129851215681786e-02,5.520409343979097022e-02,6.967048597378719399e-02,1.652916763353053792e-02,3.928297562421251971e-02
3.376880312090886904e-01,2.203434190690118644e-01,8.786802078671966318e-03,-1.259654819811844260e-02,-1.250189020474695885e-02,-4.977636085889292766e-03,9.919363913653054740e-03,-1.490401934244797028e-02,2.541228072815034447e-02,-4.447969598169026866e-03,5.654083022791475677e-02,-1.313122724422931958e-02,8.837129851215681786e-02,0.000000000000000000e+00,5.571610351313709304e-03,7.288010700044675154e-03,3.169344111953194543e-01,2.527598913182896312e-01,1.640152248508081334e-01
3.376880312090886904e-01,2.203434190690118644e-01,8.786802078671966318e-03,-1.259654819811844260e-02,-1.250189020474695885e-02,-4.977636085889292766e-03,9.919363913653054740e-03,-1.490401934244797028e-02,2.541228072815034447e-02,-4.447969598169026866e-03,5.654083022791475677e-02,-1.313122724422931958e-02,8.837129851215681786e-02,5.571610351313709304e-03,0.000000000000000000e+00,7.288010700044675154e-03,3.169344111953194543e-01,2.527598913182896312e-01,1.640152248508081334e-01
6.120592711483682953e-03,3.040921181212778972e-03,9.660695144269367679e-04,5.799314621743244941e-02,3.134548117464732841e-03,1.012591288653643708e-02,3.719865319292173927e-02,4.493655884641597001e-03,5.433338700464471378e-03,5.547219736388303568e-03,1.337038269691254166e-03,1.022735254315652398e-03,5.520409343979097022e-02,7.288010700044675154e-03,7.288010700044675154e-03,0.000000000000000000e+00,8.875930403963429305e-03,3.009156090731067087e-02,1.449882169816840705e-02
2.382672885025991505e-01,1.799111813895563905e-01,3.748937074686776311e-02,4.249753857683883501e-02,-3.351534462061525523e-03,7.921505407852509270e-03,8.496977128475084740e-02,-5.033749385472825223e-03,7.897795255071718423e-02,4.852100402355615655e-03,4.735931586143312527e-02,-1.150442222242426156e-02,6.967048597378719399e-02,3.169344111953194543e-01,3.169344111953194543e-01,8.875930403963429305e-03,0.000000000000000000e+00,3.707063313188642684e-01,2.935627460752440743e-01
2.075316373554740232e-02,2.403396282665782799e-02,4.070934814212568559e-02,8.639643056218158923e-02,9.841212093897494517e-02,-6.848490438381981370e-03,2.890701276540612666e-02,5.618875851676100736e-02,8.203738415006438245e-02,1.040273922521625510e-01,-1.614183153957457484e-02,-7.593591649688029299e-03,1.652916763353053792e-02,2.527598913182896312e-01,2.527598913182896312e-01,3.009156090731067087e-02,3.707063313188642684e-01,0.000000000000000000e+00,2.348317850713329148e-03
-1.524668499129957057e-03,1.933194756498828699e-03,-3.757291329497876742e-03,1.665630973894039260e-02,3.314596232144086455e-03,-1.530979275604568007e-02,2.230739552001614889e-02,1.673554083503753925e-02,1.204215144463166021e-01,1.352471950057039241e-01,-1.607199824667930599e-02,-8.842301834248300976e-03,3.928297562421251971e-02,1.640152248508081334e-01,1.640152248508081334e-01,1.449882169816840705e-02,2.935627460752440743e-01,2.348317850713329148e-03,0.000000000000000000e+00
