0.000000000000000000e+00,1.105172348011479629e-02,2.432898923018116458e-02,1.842301791510427347e-02,2.372735493437587179e-03,1.869399638197174335e-02,1.075688366070328989e-03,2.754203178483703371e-02,4.786852192554733737e-03,2.172947087752710726e-02,2.368597370676488179e-02,1.638476179025823848e-02,6.988730251246025142e-03,1.887817841500664603e-02,7.540022844676229526e-03,1.787155727020249552e-02,1.734006655248807038e-02,9.130447028262935263e-03,1.283766596172105506e-02
1.105172348011479629e-02,0.000000000000000000e+00,2.295937098337304597e-02,1.595365197788821063e-02,5.909950537287048371e-04,2.119478486632240394e-02,-1.396174133841893324e-03,3.460428619591948696e-02,4.497352489481418539e-03,2.554371849006720901e-02,1.793201389895230854e-02,1.511793807462601981e-02,4.437541427323982331e-03,1.692210389396296005e-02,5.075520930423276650e-03,1.855515650108980133e-02,1.609296930121311558e-02,8.056817210745472260e-03,1.111927909111055414e-02
2.432898923018116458e-02,2.295937098337304597e-02,0.000000000000000000e+00,2.635146210956074153e-02,5.832432551256593566e-03,2.131713950258927112e-02,5.078055967390031518e-03,2.362774960975168315e-02,8.436220195963840124e-03,1.778199393723011584e-02,1.622221611678501332e-02,2.401116242309882590e-02,1.032760808578411967e-02,2.382627918334165665e-02,1.147925017159923990e-02,2.022909285033802629e-02,1.762576481449268026e-02,1.107166651707613622e-02,1.623396852452637859e-02
1.842301791510427347e-02,1.595365197788821063e-02,2.635146210956074153e-02,0.000000000000000000e+00,3.700517337036635969e-03,2.028464020188093173e-02,4.751521588862615765e-04,3.961061762296236299e-02,5.305455303713419585e-03,2.103774434811815988e-02,2.109879369430526022e-02,9.232389353044897704e-03,1.277780558583112638e-02,1.233211377020828822e-02,1.005447034204902564e-02,2.148698351819731261e-02,1.477334971826133048e-02,5.083509415636715961e-03,8.697320798994172611e-03
2.372735493437587179e-03,5.909950537287048371e-04,5.832432551256593566e-03,3.700517337036635969e-03,0.000000000000000000e+00,1.290385274304885199e-02,7.101029366742121068e-03,2.047244515720231944e-02,1.250204846912362187e-02,1.502841184289402561e-02,8.466037935042377768e-03,1.687197605384622512e-03,2.708851147577082466e-03,3.847980113416652349e-03,5.078584210917989374e-03,8.225608913203645220e-03,1.150049007399818815e-03,1.066564295074489029e-02,2.146345394883952817e-02
1.869399638197174335e-02,2.119478486632240394e-02,2.131713950258927112e-02,2.028464020188093173e-02,1.290385274304885199e-02,0.000000000000000000e+00,2.458803552184293806e-03,4.071104966360542671e-02,6.211587164171190716e-03,1.719196079597781757e-02,1.926009807011577410e-02,2.855922972191825629e-02,2.088473588895844307e-02,1.569508966088165036e-02,1.489594376727471255e-02,1.193021165904302634e-02,1.224514267052801558e-02,-8.231170756421830013e-04,1.445749926441941384e-02
1.075688366070328989e-03,-1.396174133841893324e-03,5.078055967390031518e-03,4.751521588862615765e-04,7.101029366742121068e-03,2.458803552184293806e-03,0.000000000000000000e+00,2.971417893779332645e-02,9.828318696902324861e-03,1.629741440147084233e-02,4.881706642894639847e-03,-3.605040296748648226e-04,7.310253324861674951e-03,-1.605355893350059009e-03,1.340882348929157801e-02,3.389154123700728171e-03,1.084049054385160128e-03,3.761397392840971216e-03,2.565323473787728403e-02
2.754203178483703371e-02,3.460428619591948696e-02,2.362774960975168315e-02,3.961061762296236299e-02,2.047244515720231944e-02,4.071104966360542671e-02,2.971417893779332645e-02,0.000000000000000000e+00,4.014336213540028314e-02,2.613998212932808554e-02,2.072305523987025277e-02,4.378287537976248422e-02,2.530442074437283181e-02,5.590864198726952505e-02,1.907621625190077802e-02,1.063741031799739778e-01,2.638300372171606401e-02,1.165794280008158879e-02,1.118344228535810142e-01
4.786852192554733737e-03,4.497352489481418539e-03,8.436220195963840124e-03,5.305455303713419585e-03,1.250204846912362187e-02,6.211587164171190716e-03,9.828318696902324861e-03,4.014336213540028314e-02,0.000000000000000000e+00,4.439222084239406035e-02,8.608807304183202502e-03,5.845327935989194992e-03,1.525551244604998399e-02,5.756029472632433371e-03,1.340041990592655795e-02,1.443614647235971077e-02,6.182144538433446794e-03,6.378991633250683316e-03,1.537448492449345824e-02
2.172947087752710726e-02,2.554371849006720901e-02,1.778199393723011584e-02,2.103774434811815988e-02,1.502841184289402561e-02,1.719196079597781757e-02,1.629741440147084233e-02,2.613998212932808554e-02,4.439222084239406035e-02,0.000000000000000000e+00,1.592196071187942583e-02,2.646126475550600321e-02,1.928019742444387480e-02,3.343973241207978675e-02,5.894839497568335300e-03,8.047561222654786572e-02,1.659643819333151901e-02,8.187306653363616779e-03,2.692256985245220988e-02
2.368597370676488179e-02,1.793201389895230854e-02,1.622221611678501332e-02,2.109879369430526022e-02,8.466037935042377768e-03,1.926009807011577410e-02,4.881706642894639847e-03,2.072305523987025277e-02,8.608807304183202502e-03,1.592196071187942583e-02,0.000000000000000000e+00,2.269252665550344078e-02,8.408937233165008143e-03,2.223660272284538192e-02,1.117290401190401163e-02,1.771850402296190966e-02,1.617744239184395333e-02,9.203647111155734487e-03,1.454393325811528803e-02
1.638476179025823848e-02,1.511793807462601981e-02,2.401116242309882590e-02,9.232389353044897704e-03,1.687197605384622512e-03,2.855922972191825629e-02,-3.605040296748648226e-04,4.378287537976248422e-02,5.845327935989194992e-03,2.646126475550600321e-02,2.269252665550344078e-02,0.000000000000000000e+00,1.096413242966570896e-02,2.236682054797816538e-02,9.419621058923832377e-03,2.508811214730772080e-02,1.232815317610018446e-02,6.982296356820480963e-03,1.088612312643439002e-02
6.988730251246025142e-03,4.437541427323982331e-03,1.032760808578411967e-02,1.277780558583112638e-02,2.708851147577082466e-03,2.088473588895844307e-02,7.310253324861674951e-03,2.530442074437283181e-02,1.525551244604998399e-02,1.928019742444387480e-02,8.408937233165008143e-03,1.096413242966570896e-02,0.000000000000000000e+00,1.463975262694037008e-02,1.175276773619098394e-02,8.745871371171377168e-03,9.944287960871097537e-03,1.284121116781600583e-02,2.567196122839077166e-02
1.887817841500664603e-02,1.692210389396296005e-02,2.382627918334165665e-02,1.233211377020828822e-02,3.847980113416652349e-03,1.569508966088165036e-02,-1.605355893350059009e-03,5.590864198726952505e-02,5.756029472632433371e-03,3.343973241207978675e-02,2.223660272284538192e-02,2.236682054797816538e-02,1.463975262694037008e-02,0.000000000000000000e+00,1.138565430783632614e-02,3.477867148614277593e-02,1.413804863789035714e-02,1.001379985669461140e-03,9.317050559467224616e-03
7.540022844676229526e-03,5.075520930423276650e-03,1.147925017159923990e-02,1.005447034204902564e-02,5.078584210917989374e-03,1.489594376727471255e-02,1.340882348929157801e-02,1.907621625190077802e-02,1.340041990592655795e-02,5.894839497568335300e-03,1.117290401190401163e-02,9.419621058923832377e-03,1.175276773619098394e-02,1.138565430783632614e-02,0.000000000000000000e+00,9.638598531435317585e-03,8.939611602367532675e-03,9.464262062359250771e-03,2.200619232515584056e-02
1.787155727020249552e-02,1.855515650108980133e-02,2.022909285033802629e-02,2.148698351819731261e-02,8.225608913203645220e-03,1.193021165904302634e-02,3.389154123700728171e-03,1.063741031799739778e-01,1.443614647235971077e-02,8.047561222654786572e-02,1.771850402296190966e-02,2.508811214730772080e-02,8.745871371171377168e-03,3.477867148614277593e-02,9.638598531435317585e-03,0.000000000000000000e+00,1.797183419749780880e-02,8.241687137868013158e-03,4.238193739271223920e-02
1.734006655248807038e-02,1.609296930121311558e-02,1.762576481449268026e-02,1.477334971826133048e-02,1.150049007399818815e-03,1.224514267052801558e-02,1.084049054385160128e-03,2.638300372171606401e-02,6.182144538433446794e-03,1.659643819333151901e-02,1.617744239184395333e-02,1.232815317610018446e-02,9.944287960871097537e-03,1.413804863789035714e-02,8.939611602367532675e-03,1.797183419749780880e-02,0.000000000000000000e+00,6.899088913584487844e-03,1.104543079551809082e-02
9.130447028262935263e-03,8.056817210745472260e-03,1.107166651707613622e-02,5.083509415636715961e-03,1.066564295074489029e-02,-8.231170756421830013e-04,3.761397392840971216e-03,1.165794280008158879e-02,6.378991633250683316e-03,8.187306653363616779e-03,9.203647111155734487e-03,6.982296356820480963e-03,1.284121116781600583e-02,1.001379985669461140e-03,9.464262062359250771e-03,8.241687137868013158e-03,6.899088913584487844e-03,0.000000000000000000e+00,5.884415123711398375e-03
1.283766596172105506e-02,1.111927909111055414e-02,1.623396852452637859e-02,8.697320798994172611e-03,2.146345394883952817e-02,1.445749926441941384e-02,2.565323473787728403e-02,1.118344228535810142e-01,1.537448492449345824e-02,2.692256985245220988e-02,1.454393325811528803e-02,1.088612312643439002e-02,2.567196122839077166e-02,9.317050559467224616e-03,2.200619232515584056e-02,4.238193739271223920e-02,1.104543079551809082e-02,5.884415123711398375e-03,0.000000000000000000e+00
