0.000000000000000000e+00,-2.879865700502996784e-02,1.486037016550405820e-01,4.450610545919783667e-02,3.440070776275180875e-02,6.965585363902751515e-02,-1.591756829365723047e-02,1.131878117136321006e-02,-1.514856133854340647e-02,-7.291010013505966857e-03,-1.217701115420341020e-02,-1.903225630455615200e-02,1.729445092255666172e-01,6.916804090278398653e-02,-2.251515740528754403e-02,-1.497163000607910043e-02,5.934333710292524072e-02,1.000039954083378202e-01,1.130638592993249425e-02
-2.879865700502996784e-02,0.000000000000000000e+00,1.662217828941391085e-01,3.064846977326000643e-01,9.345951877009228692e-02,2.001244089244767765e-01,1.545497883887911317e-02,2.479055312212956330e-02,1.152706503296956238e-02,-8.355296712650775101e-03,9.254920218796637565e-02,7.296123736350960086e-03,2.341539352292653919e-01,1.752193191412254880e-01,-1.477927170102171818e-02,2.791237478790963272e-03,3.433576655391820664e-01,2.492736604917081822e-01,3.438039251634483762e-02
1.486037016550405820e-01,1.662217828941391085e-01,0.000000000000000000e+00,2.588677791508621137e-02,3.052828729604948124e-02,5.512335750793320721e-02,1.899881124398051721e-02,5.836149281478610756e-02,8.002370037821138551e-03,1.043893540601529973e-01,5.831297945882375072e-02,-3.551933800175971229e-03,1.958777892558863643e-01,-1.422092870504627383e-02,-2.652807382673963432e-02,3.711985548169388638e-02,3.197708196960771104e-04,1.888115576043958299e-01,1.405109932504998993e-01
4.450610545919783667e-02,3.064846977326000643e-01,2.588677791508621137e-02,0.000000000000000000e+00,2.341314153213004123e-01,2.058214796428738669e-01,7.137125199788525720e-02,3.046596018897065883e-02,7.910973552740914461e-02,5.164499906234598647e-02,1.902089407651853456e-02,3.181942493825367507e-02,1.305639139910134416e-01,7.911415986980553650e-02,8.056358022765516477e-03,-3.153148686498054298e-03,-2.224305030706534222e-02,3.885548987707883595e-01,9.770825989861738059e-02
3.440070776275180875e-02,9.345951877009228692e-02,3.052828729604948124e-02,2.341314153213004123e-01,0.000000000000000000e+00,3.920501016211882378e-02,7.102880500581290613e-03,9.418839513849959141e-03,4.495246141922554922e-03,6.170267396378259495e-02,-1.580494460387783448e-02,-9.701092725145235227e-03,9.576921952370200455e-03,7.578191972262653120e-02,-1.357103769664709352e-02,5.336986867892651309e-02,1.716877639758220830e-01,-5.085738168602461223e-04,2.507108813715344751e-03
6.965585363902751515e-02,2.001244089244767765e-01,5.512335750793320721e-02,2.058214796428738669e-01,3.920501016211882378e-02,0.000000000000000000e+00,4.059336448492028432e-02,9.962056629955771958e-03,1.639306485214324927e-01,-4.939315105478436644e-04,3.291780253806342316e-02,-1.751697360923379050e-03,3.509236613681037537e-02,2.597360475925800886e-03,2.958357826423856085e-02,-1.581136120474364859e-02,1.845640331437683745e-01,1.356990030071686913e-02,1.168355739723953013e-02
-1.591756829365723047e-02,1.545497883887911317e-02,1.899881124398051721e-02,7.137125199788525720e-02,7.102880500581290613e-03,4.059336448492028432e-02,0.000000000000000000e+00,-1.406862115468922834e-02,3.394590939133761837e-02,-1.480928237510016621e-02,2.634748445877349229e-02,-8.550792985176689995e-03,2.079602038706187053e-02,1.356383470979729243e-02,8.203187093137408181e-03,-1.001066005230654560e-02,7.036373042084261009e-02,1.160985300630400507e-01,7.090338180276702096e-02
1.131878117136321006e-02,2.479055312212956330e-02,5.836149281478610756e-02,3.046596018897065883e-02,9.418839513849959141e-03,9.962056629955771958e-03,-1.406862115468922834e-02,0.000000000000000000e+00,8.050914262700952298e-03,-1.373541147249417724e-04,6.756062755177839711e-03,8.566309672884825366e-02,6.173210910862911988e-02,4.248767700945448034e-05,2.947990435566478704e-02,5.114001607219689077e-02,4.322519323797713309e-02,1.030214683396020042e-01,1.399653957767514612e-01
-1.514856133854340647e-02,1.152706503296956238e-02,8.002370037821138551e-03,7.910973552740914461e-02,4.495246141922554922e-03,1.639306485214324927e-01,3.394590939133761837e-02,8.050914262700952298e-03,0.000000000000000000e+00,-1.880677528094532383e-02,3.354624627819951382e-02,1.602440985104798196e-02,9.270558703601446127e-02,1.155691685419025228e-01,3.333342384070477754e-02,-1.030742420860918628e-02,9.546016154223303796e-02,1.232429734191806819e-01,3.110053968048596962e-02
-7.291010013505966857e-03,-8.355296712650775101e-03,1.043893540601529973e-01,5.164499906234598647e-02,6.170267396378259495e-02,-4.939315105478436644e-04,-1.480928237510016621e-02,-1.373541147249417724e-04,-1.880677528094532383e-02,0.000000000000000000e+00,-1.551997588930930684e-02,1.094608531526362616e-01,3.822432350223967795e-02,1.289757987393380101e-01,-1.988172126062412448e-02,-1.828746256123636726e-02,6.716894927242965385e-02,3.963218784241684389e-02,-4.553782455454073036e-03
-1.217701115420341020e-02,9.254920218796637565e-02,5.831297945882375072e-02,1.902089407651853456e-02,-1.580494460387783448e-02,3.291780253806342316e-02,2.634748445877349229e-02,6.756062755177839711e-03,3.354624627819951382e-02,-1.551997588930930684e-02,0.000000000000000000e+00,-2.399470361340985333e-02,-2.818886986601876199e-02,-2.303571445405534768e-02,-3.330920345812265343e-02,-1.258874577599059137e-02,7.929881286052754830e-02,-9.506751262660673510e-03,1.098040923120181533e-01
-1.903225630455615200e-02,7.296123736350960086e-03,-3.551933800175971229e-03,3.181942493825367507e-02,-9.701092725145235227e-03,-1.751697360923379050e-03,-8.550792985176689995e-03,8.566309672884825366e-02,1.602440985104798196e-02,1.094608531526362616e-01,-2.399470361340985333e-02,0.000000000000000000e+00,3.502136263174485814e-02,3.825820141828529392e-02,-1.080428480822742503e-02,2.634058900796981337e-02,1.576588842124893031e-02,2.498073019991002910e-02,-1.348850214910113539e-02
1.729445092255666172e-01,2.341539352292653919e-01,1.958777892558863643e-01,1.305639139910134416e-01,9.576921952370200455e-03,3.509236613681037537e-02,2.079602038706187053e-02,6.173210910862911988e-02,9.270558703601446127e-02,3.822432350223967795e-02,-2.818886986601876199e-02,3.502136263174485814e-02,0.000000000000000000e+00,3.358084849987738596e-02,8.526135380324697741e-03,1.563439775659613076e-02,3.342650864601017791e-01,5.411285884871952501e-02,1.107700047903635993e-01
6.916804090278398653e-02,1.752193191412254880e-01,-1.422092870504627383e-02,7.911415986980553650e-02,7.578191972262653120e-02,2.597360475925800886e-03,1.356383470979729243e-02,4.248767700945448034e-05,1.155691685419025228e-01,1.289757987393380101e-01,-2.303571445405534768e-02,3.825820141828529392e-02,3.358084849987738596e-02,0.000000000000000000e+00,1.369388312601188366e-02,-1.058093425520138277e-02,4.266440278000060982e-02,2.796774891047069944e-02,3.136520874784263970e-03
-2.251515740528754403e-02,-1.477927170102171818e-02,-2.652807382673963432e-02,8.056358022765516477e-03,-1.357103769664709352e-02,2.958357826423856085e-02,8.203187093137408181e-03,2.947990435566478704e-02,3.333342384070477754e-02,-1.988172126062412448e-02,-3.330920345812265343e-02,-1.080428480822742503e-02,8.526135380324697741e-03,1.369388312601188366e-02,0.000000000000000000e+00,-2.715596340487934357e-02,-2.826290410287516926e-04,-5.209238887237298103e-03,-1.111286981991900513e-02
-1.497163000607910043e-02,2.791237478790963272e-03,3.711985548169388638e-02,-3.153148686498054298e-03,5.336986867892651309e-02,-1.581136120474364859e-02,-1.001066005230654560e-02,5.114001607219689077e-02,-1.030742420860918628e-02,-1.828746256123636726e-02,-1.258874577599059137e-02,2.634058900796981337e-02,1.563439775659613076e-02,-1.058093425520138277e-02,-2.715596340487934357e-02,0.000000000000000000e+00,-1.111244053812258242e-02,3.440587786794898489e-02,-1.666873874453289259e-02
5.934333710292524072e-02,3.433576655391820664e-01,3.197708196960771104e-04,-2.224305030706534222e-02,1.716877639758220830e-01,1.845640331437683745e-01,7.036373042084261009e-02,4.322519323797713309e-02,9.546016154223303796e-02,6.716894927242965385e-02,7.929881286052754830e-02,1.576588842124893031e-02,3.342650864601017791e-01,4.266440278000060982e-02,-2.826290410287516926e-04,-1.111244053812258242e-02,0.000000000000000000e+00,4.912047575253231102e-01,1.971407140797331037e-01
1.000039954083378202e-01,2.492736604917081822e-01,1.888115576043958299e-01,3.885548987707883595e-01,-5.085738168602461223e-04,1.356990030071686913e-02,1.160985300630400507e-01,1.030214683396020042e-01,1.232429734191806819e-01,3.963218784241684389e-02,-9.506751262660673510e-03,2.498073019991002910e-02,5.411285884871952501e-02,2.796774891047069944e-02,-5.209238887237298103e-03,3.440587786794898489e-02,4.912047575253231102e-01,0.000000000000000000e+00,2.010030382036813446e-01
1.130638592993249425e-02,3.438039251634483762e-02,1.405109932504998993e-01,9.770825989861738059e-02,2.507108813715344751e-03,1.168355739723953013e-02,7.090338180276702096e-02,1.399653957767514612e-01,3.110053968048596962e-02,-4.553782455454073036e-03,1.098040923120181533e-01,-1.348850214910113539e-02,1.107700047903635993e-01,3.136520874784263970e-03,-1.111286981991900513e-02,-1.666873874453289259e-02,1.971407140797331037e-01,2.010030382036813446e-01,0.000000000000000000e+00
