0.000000000000000000e+00,3.293650831819230906e-01,8.980088416255371797e-02,1.323344163478128999e-01,1.091391670727018676e-01,4.261215493088135048e-02,1.954107922572525524e-01,1.554657061653493266e-01,2.637028582235842467e-02,3.585114496376635984e-02,1.516384450861525124e-01,7.344790931521248678e-02,6.052016594537928257e-02,1.789754602681856849e-02,1.913360803801039400e-01,2.273355027531042197e-02,1.330421118699189886e-01,8.105315217041794695e-02,1.244846446110809135e-01
3.293650831819230906e-01,0.000000000000000000e+00,1.510254087398326395e-01,3.446975132784785290e-01,1.064320844481433381e-01,1.256084120626458078e-01,1.883900559120955387e-01,1.835499893683363026e-01,4.241057814782778213e-02,6.354112403573866641e-02,8.806652822695944238e-02,1.808201038688563023e-01,3.073242303424909838e-02,7.619978931857354643e-02,1.689470826233627765e-01,1.151126283164317782e-01,2.775008517429403132e-01,3.982755314722349199e-02,1.942993180246982421e-01
8.980088416255371797e-02,1.510254087398326395e-01,0.000000000000000000e+00,2.455169233885820534e-02,2.859457392070295922e-01,1.088485810427712863e-01,2.008050025214763445e-01,1.872715811466246216e-01,2.320689248211748879e-01,1.737672327908248715e-01,7.632607819711073605e-02,1.571836553021378063e-02,8.143931912605149870e-02,3.782392897650702773e-02,2.136129435371203755e-01,9.259459752100782093e-02,2.154087384277679831e-02,1.471349105925345568e-01,3.990355792021869075e-01
1.323344163478128999e-01,3.446975132784785290e-01,2.455169233885820534e-02,0.000000000000000000e+00,1.005615266071240577e-01,2.341893144486542344e-01,1.841146081716188987e-01,2.065411331546343765e-01,2.538526056456414381e-01,1.551182966972602384e-01,6.218032931329765117e-02,3.708531661787245470e-02,6.393782476415557636e-02,5.959913223526607656e-02,1.659656823865460207e-01,1.104123088438036804e-01,1.076879173195451067e-02,1.514468995063997236e-01,3.684820600422827885e-01
1.091391670727018676e-01,1.064320844481433381e-01,2.859457392070295922e-01,1.005615266071240577e-01,0.000000000000000000e+00,2.235142511915205396e-02,3.616119055683151839e-01,2.171311306758641202e-01,1.837559316842593826e-01,1.719069509388082562e-01,1.401704435443310304e-01,3.773880452079839132e-02,6.858882928008806779e-02,6.018430120497202107e-02,1.491755894467486077e-01,6.382480962863568141e-02,2.280721535220377183e-01,8.984076948424002396e-02,2.493114118103015309e-01
4.261215493088135048e-02,1.256084120626458078e-01,1.088485810427712863e-01,2.341893144486542344e-01,2.235142511915205396e-02,0.000000000000000000e+00,9.781063773651824111e-02,1.702797414610759674e-01,2.117265030246529844e-01,4.376987133673773678e-02,1.072643888899677406e-01,1.456301194906290952e-01,9.376705098588380971e-02,5.560375181730110861e-02,8.209428016670823613e-02,7.267677614150180876e-02,1.553509552413963601e-01,8.968928355388339213e-02,1.695124806457732891e-01
1.954107922572525524e-01,1.883900559120955387e-01,2.008050025214763445e-01,1.841146081716188987e-01,3.616119055683151839e-01,9.781063773651824111e-02,0.000000000000000000e+00,3.283268433233409167e-02,2.563903004334012747e-01,1.872940348764181306e-01,1.294754754022131860e-01,1.283282398954571357e-01,7.642976929271522168e-02,8.393442524754467227e-02,1.572542051684124309e-01,1.440136292219815761e-01,1.901589561598324152e-01,1.419821128095246909e-01,2.176318535194793347e-01
1.554657061653493266e-01,1.835499893683363026e-01,1.872715811466246216e-01,2.065411331546343765e-01,2.171311306758641202e-01,1.702797414610759674e-01,3.283268433233409167e-02,0.000000000000000000e+00,2.992174231126726314e-01,1.923022024129632246e-01,1.681769027054226262e-01,1.397000901577417076e-01,1.699495936735381796e-01,4.076219576649907361e-02,1.624598702846752341e-01,1.216601752317142404e-01,1.654124791043158071e-01,8.517268815068768095e-02,1.472595762170757216e-01
2.637028582235842467e-02,4.241057814782778213e-02,2.320689248211748879e-01,2.538526056456414381e-01,1.837559316842593826e-01,2.117265030246529844e-01,2.563903004334012747e-01,2.992174231126726314e-01,0.000000000000000000e+00,4.675990006915049096e-02,1.200908517475323817e-01,1.405685894709348682e-01,1.345070351136239128e-01,7.235349620898363920e-02,3.943868187642174949e-01,9.846308535417148955e-02,2.638886065788044744e-01,1.914725318641481433e-01,2.532487049653401878e-01
3.585114496376635984e-02,6.354112403573866641e-02,1.737672327908248715e-01,1.551182966972602384e-01,1.719069509388082562e-01,4.376987133673773678e-02,1.872940348764181306e-01,1.923022024129632246e-01,4.675990006915049096e-02,0.000000000000000000e+00,1.218355002850706192e-01,1.243330719686490671e-01,5.202913455034238049e-02,1.792330945273951370e-01,1.726256353660325926e-01,3.643626995487770914e-01,1.388704874657135102e-01,7.485316972888964027e-02,1.341397442533194539e-01
1.516384450861525124e-01,8.806652822695944238e-02,7.632607819711073605e-02,6.218032931329765117e-02,1.401704435443310304e-01,1.072643888899677406e-01,1.294754754022131860e-01,1.681769027054226262e-01,1.200908517475323817e-01,1.218355002850706192e-01,0.000000000000000000e+00,5.560415166396136255e-02,5.332951422491302024e-02,2.378230160465445719e-02,1.978520760412517676e-01,7.604168967977346927e-02,6.038655392254532045e-02,1.173577491465667977e-01,2.912546244554174435e-01
7.344790931521248678e-02,1.808201038688563023e-01,1.571836553021378063e-02,3.708531661787245470e-02,3.773880452079839132e-02,1.456301194906290952e-01,1.283282398954571357e-01,1.397000901577417076e-01,1.405685894709348682e-01,1.243330719686490671e-01,5.560415166396136255e-02,0.000000000000000000e+00,3.910829178050947291e-02,5.287803497299193439e-02,1.237976962730832214e-01,5.184248689612165617e-02,1.522156510117252462e-02,1.306250209793232975e-01,3.185541130274406885e-01
6.052016594537928257e-02,3.073242303424909838e-02,8.143931912605149870e-02,6.393782476415557636e-02,6.858882928008806779e-02,9.376705098588380971e-02,7.642976929271522168e-02,1.699495936735381796e-01,1.345070351136239128e-01,5.202913455034238049e-02,5.332951422491302024e-02,3.910829178050947291e-02,0.000000000000000000e+00,3.079760508934634849e-02,1.571434067428971182e-01,7.552476454824699759e-02,7.426040055064481171e-02,5.123909445249473504e-02,1.771411557997419894e-01
1.789754602681856849e-02,7.619978931857354643e-02,3.782392897650702773e-02,5.959913223526607656e-02,6.018430120497202107e-02,5.560375181730110861e-02,8.393442524754467227e-02,4.076219576649907361e-02,7.235349620898363920e-02,1.792330945273951370e-01,2.378230160465445719e-02,5.287803497299193439e-02,3.079760508934634849e-02,0.000000000000000000e+00,6.761783150856785773e-02,7.875636178151407263e-02,3.644211751721201237e-02,6.174476770431221867e-02,2.138648003069020531e-01
1.913360803801039400e-01,1.689470826233627765e-01,2.136129435371203755e-01,1.659656823865460207e-01,1.491755894467486077e-01,8.209428016670823613e-02,1.572542051684124309e-01,1.624598702846752341e-01,3.943868187642174949e-01,1.726256353660325926e-01,1.978520760412517676e-01,1.237976962730832214e-01,1.571434067428971182e-01,6.761783150856785773e-02,0.000000000000000000e+00,4.439963675000444671e-02,1.937334407857345397e-01,1.329862145826427866e-01,1.830459982914561246e-01
2.273355027531042197e-02,1.151126283164317782e-01,9.259459752100782093e-02,1.104123088438036804e-01,6.382480962863568141e-02,7.267677614150180876e-02,1.440136292219815761e-01,1.216601752317142404e-01,9.846308535417148955e-02,3.643626995487770914e-01,7.604168967977346927e-02,5.184248689612165617e-02,7.552476454824699759e-02,7.875636178151407263e-02,4.439963675000444671e-02,0.000000000000000000e+00,6.605838525748104761e-02,7.708530322833642701e-02,1.820045605073359885e-01
1.330421118699189886e-01,2.775008517429403132e-01,2.154087384277679831e-02,1.076879173195451067e-02,2.280721535220377183e-01,1.553509552413963601e-01,1.901589561598324152e-01,1.654124791043158071e-01,2.638886065788044744e-01,1.388704874657135102e-01,6.038655392254532045e-02,1.522156510117252462e-02,7.426040055064481171e-02,3.644211751721201237e-02,1.937334407857345397e-01,6.605838525748104761e-02,0.000000000000000000e+00,1.293790973328649008e-01,3.438558808595762462e-01
8.105315217041794695e-02,3.982755314722349199e-02,1.471349105925345568e-01,1.514468995063997236e-01,8.984076948424002396e-02,8.968928355388339213e-02,1.419821128095246909e-01,8.517268815068768095e-02,1.914725318641481433e-01,7.485316972888964027e-02,1.173577491465667977e-01,1.306250209793232975e-01,5.123909445249473504e-02,6.174476770431221867e-02,1.329862145826427866e-01,7.708530322833642701e-02,1.293790973328649008e-01,0.000000000000000000e+00,1.643256706266095768e-01
1.244846446110809135e-01,1.942993180246982421e-01,3.990355792021869075e-01,3.684820600422827885e-01,2.493114118103015309e-01,1.695124806457732891e-01,2.176318535194793347e-01,1.472595762170757216e-01,2.532487049653401878e-01,1.341397442533194539e-01,2.912546244554174435e-01,3.185541130274406885e-01,1.771411557997419894e-01,2.138648003069020531e-01,1.830459982914561246e-01,1.820045605073359885e-01,3.438558808595762462e-01,1.643256706266095768e-01,0.000000000000000000e+00
