0.000000000000000000e+00,1.593680664492092003e-02,2.451794171914726816e-01,7.658562087933812323e-02,1.710028655470657299e-01,2.278494815829815168e-02,1.884404443527021022e-01,8.620540857035997873e-02,3.265153416925765106e-01,1.851104827098130345e-01,6.396967957719817965e-02,1.043289237552052634e-01,2.725404657848841672e-01,1.711584161591620801e-01,3.102000501663533805e-01,2.935965335002673759e-01,1.900134478959049911e-01,1.564198173270497094e-01,3.631533109408610627e-01
1.593680664492092003e-02,0.000000000000000000e+00,1.529388822813426418e-01,1.348309007465004206e-01,7.421994299757761482e-02,4.339051049106507074e-02,1.825978984720148524e-01,1.166131507692148017e-01,2.926171508762285267e-01,2.219997313610204970e-01,4.742182966244113534e-02,6.953878684785617936e-02,1.096785905328196697e-01,1.494759624830770406e-01,1.804617254211433597e-01,3.067814514332904974e-01,1.673155489389654971e-01,1.406612393597669319e-01,2.121216028721598090e-01
2.451794171914726816e-01,1.529388822813426418e-01,0.000000000000000000e+00,6.360770755489848771e-02,3.113126862084481528e-01,3.207945249997886522e-02,2.295759497476357602e-01,4.500216033498656565e-02,3.215644704942791088e-01,1.301101837021459984e-01,3.654575132397305803e-02,1.660956067052700158e-01,2.680409538224187704e-01,1.527598623987242998e-01,3.329629644090220664e-01,2.996497931303988005e-01,8.815623881944870122e-02,2.717586799442692769e-01,3.868847300171828762e-01
7.658562087933812323e-02,1.348309007465004206e-01,6.360770755489848771e-02,0.000000000000000000e+00,8.897145948000687032e-02,1.018369408249154701e-01,3.062600735573606792e-01,5.202560230730044616e-02,3.576116874760619235e-01,1.725024045336786827e-01,3.091046657869060341e-02,2.072625137189363642e-01,1.724237949368268019e-01,2.295871655478440576e-01,2.169303885253219544e-01,3.163752423379214695e-01,6.714665231521416144e-02,2.309991045405660193e-01,3.707513017993346316e-01
1.710028655470657299e-01,7.421994299757761482e-02,3.113126862084481528e-01,8.897145948000687032e-02,0.000000000000000000e+00,3.492555622348169492e-02,1.864120948951283330e-01,8.328742767133899549e-02,1.791084050455101495e-01,9.838246894239907614e-02,2.276148742212640019e-01,1.933284735593972792e-01,3.981658939154233273e-02,7.482928165063063020e-02,2.165241575613684188e-01,1.951373245889424790e-01,1.833475805981959195e-01,2.472436873224495568e-02,1.891826861689099026e-01
2.278494815829815168e-02,4.339051049106507074e-02,3.207945249997886522e-02,1.018369408249154701e-01,3.492555622348169492e-02,0.000000000000000000e+00,1.257210009662505790e-01,9.100391494078599597e-02,1.521821645099425691e-01,1.811262370660265131e-01,1.639010272612077476e-02,5.710968488503637835e-02,1.896394153333732027e-02,3.563308120780000338e-02,1.001196165306149355e-01,1.940587112522814406e-01,5.631888114022823993e-02,1.077724808906208170e-01,7.010545640209669971e-02
1.884404443527021022e-01,1.825978984720148524e-01,2.295759497476357602e-01,3.062600735573606792e-01,1.864120948951283330e-01,1.257210009662505790e-01,0.000000000000000000e+00,1.430212157902878700e-01,1.663875634791993074e-01,2.892250602123779268e-01,1.181241837071324990e-01,1.661157478431203594e-01,1.745353617127853585e-01,1.536433922148251752e-01,3.861192734737024512e-01,2.355859433236237310e-01,2.804444375809919676e-01,3.426614901669975954e-01,1.845018039879192662e-01
8.620540857035997873e-02,1.166131507692148017e-01,4.500216033498656565e-02,5.202560230730044616e-02,8.328742767133899549e-02,9.100391494078599597e-02,1.430212157902878700e-01,0.000000000000000000e+00,2.593497536200184417e-01,4.166337791267796242e-02,4.747718570188892012e-02,2.111471621928186770e-01,7.953503549602718159e-02,2.265771461910625617e-01,1.027458295056406790e-01,3.659064217953627018e-01,4.388751976281130701e-02,8.944768812513330392e-02,4.007690279923168397e-01
3.265153416925765106e-01,2.926171508762285267e-01,3.215644704942791088e-01,3.576116874760619235e-01,1.791084050455101495e-01,1.521821645099425691e-01,1.663875634791993074e-01,2.593497536200184417e-01,0.000000000000000000e+00,4.846727960865856999e-01,2.884915274505677196e-01,1.915504881017750238e-01,1.875389044776161473e-02,2.081782057270021025e-01,5.052293730389783022e-01,3.234479985110130240e-01,3.859466020061272373e-01,3.649815873076378003e-01,1.149637047073734375e-01
1.851104827098130345e-01,2.219997313610204970e-01,1.301101837021459984e-01,1.725024045336786827e-01,9.838246894239907614e-02,1.811262370660265131e-01,2.892250602123779268e-01,4.166337791267796242e-02,4.846727960865856999e-01,0.000000000000000000e+00,1.311626255678227104e-01,3.766791638449282220e-01,1.275060288477165016e-01,3.411913080078869953e-01,7.123859657447315086e-02,4.335645038252448624e-01,1.715312627346058105e-01,4.841873639763263903e-02,3.924054087708446215e-01
6.396967957719817965e-02,4.742182966244113534e-02,3.654575132397305803e-02,3.091046657869060341e-02,2.276148742212640019e-01,1.639010272612077476e-02,1.181241837071324990e-01,4.747718570188892012e-02,2.884915274505677196e-01,1.311626255678227104e-01,0.000000000000000000e+00,9.792992857337136370e-02,2.592933034924733704e-01,6.984003455121218229e-02,3.449389170523581294e-01,2.370489674647259515e-01,3.047879898403092411e-02,1.624166786523352779e-01,3.230558766457163888e-01
1.043289237552052634e-01,6.953878684785617936e-02,1.660956067052700158e-01,2.072625137189363642e-01,1.933284735593972792e-01,5.710968488503637835e-02,1.661157478431203594e-01,2.111471621928186770e-01,1.915504881017750238e-01,3.766791638449282220e-01,9.792992857337136370e-02,0.000000000000000000e+00,4.613675945111428596e-03,7.004666097277362224e-02,1.965707952628010236e-01,3.138719434877573766e-01,2.531397556545936234e-01,3.705212000946255246e-01,2.277250803972915849e-01
2.725404657848841672e-01,1.096785905328196697e-01,2.680409538224187704e-01,1.724237949368268019e-01,3.981658939154233273e-02,1.896394153333732027e-02,1.745353617127853585e-01,7.953503549602718159e-02,1.875389044776161473e-02,1.275060288477165016e-01,2.592933034924733704e-01,4.613675945111428596e-03,0.000000000000000000e+00,3.944263760814053360e-02,3.913726087520133512e-01,2.014157199983344082e-01,2.227244033428651404e-01,6.855240356103012300e-02,5.127365062917629140e-02
1.711584161591620801e-01,1.494759624830770406e-01,1.527598623987242998e-01,2.295871655478440576e-01,7.482928165063063020e-02,3.563308120780000338e-02,1.536433922148251752e-01,2.265771461910625617e-01,2.081782057270021025e-01,3.411913080078869953e-01,6.984003455121218229e-02,7.004666097277362224e-02,3.944263760814053360e-02,0.000000000000000000e+00,1.849459727509495388e-01,2.984519934046913625e-01,2.274047216590720233e-01,1.612995431530207247e-01,5.841608040108667299e-02
3.102000501663533805e-01,1.804617254211433597e-01,3.329629644090220664e-01,2.169303885253219544e-01,2.165241575613684188e-01,1.001196165306149355e-01,3.861192734737024512e-01,1.027458295056406790e-01,5.052293730389783022e-01,7.123859657447315086e-02,3.449389170523581294e-01,1.965707952628010236e-01,3.913726087520133512e-01,1.849459727509495388e-01,0.000000000000000000e+00,8.188666774595215747e-02,2.337229391371476173e-01,1.748110338027595440e-02,3.447355272527932168e-01
2.935965335002673759e-01,3.067814514332904974e-01,2.996497931303988005e-01,3.163752423379214695e-01,1.951373245889424790e-01,1.940587112522814406e-01,2.355859433236237310e-01,3.659064217953627018e-01,3.234479985110130240e-01,4.335645038252448624e-01,2.370489674647259515e-01,3.138719434877573766e-01,2.014157199983344082e-01,2.984519934046913625e-01,8.188666774595215747e-02,0.000000000000000000e+00,3.211216504515808645e-01,1.676243553491890137e-01,3.469222288336082927e-01
1.900134478959049911e-01,1.673155489389654971e-01,8.815623881944870122e-02,6.714665231521416144e-02,1.833475805981959195e-01,5.631888114022823993e-02,2.804444375809919676e-01,4.388751976281130701e-02,3.859466020061272373e-01,1.715312627346058105e-01,3.047879898403092411e-02,2.531397556545936234e-01,2.227244033428651404e-01,2.274047216590720233e-01,2.337229391371476173e-01,3.211216504515808645e-01,0.000000000000000000e+00,2.871075919433612178e-01,4.378907509631492223e-01
1.564198173270497094e-01,1.406612393597669319e-01,2.717586799442692769e-01,2.309991045405660193e-01,2.472436873224495568e-02,1.077724808906208170e-01,3.426614901669975954e-01,8.944768812513330392e-02,3.649815873076378003e-01,4.841873639763263903e-02,1.624166786523352779e-01,3.705212000946255246e-01,6.855240356103012300e-02,1.612995431530207247e-01,1.748110338027595440e-02,1.676243553491890137e-01,2.871075919433612178e-01,0.000000000000000000e+00,4.364918798015698931e-01
3.631533109408610627e-01,2.121216028721598090e-01,3.868847300171828762e-01,3.707513017993346316e-01,1.891826861689099026e-01,7.010545640209669971e-02,1.845018039879192662e-01,4.007690279923168397e-01,1.149637047073734375e-01,3.924054087708446215e-01,3.230558766457163888e-01,2.277250803972915849e-01,5.127365062917629140e-02,5.841608040108667299e-02,3.447355272527932168e-01,3.469222288336082927e-01,4.378907509631492223e-01,4.364918798015698931e-01,0.000000000000000000e+00
