0.000000000000000000e+00,7.248986068421922058e-01,6.266284403245211410e-01,7.543919990811406295e-01,7.161864658149451612e-01,6.921087322449501755e-01,7.402765350307259906e-01,7.277819732900095984e-01,7.426098128194295045e-01,7.827630469826872828e-01,6.898823491034361544e-01,7.752841294747028211e-01,6.511975669529052047e-01,7.042962180343548262e-01,7.642183562061959368e-01,7.958391075924676761e-01,6.515465868674726879e-01,7.697988899397097962e-01,7.811956982903447422e-01
7.248986068421922058e-01,0.000000000000000000e+00,5.367021307011504705e-01,5.387078967310969801e-01,6.826467518756077490e-01,5.597205313196403909e-01,5.488288108270066301e-01,6.574227623568124068e-01,5.765311503891495937e-01,6.830614441935062287e-01,7.473378925299455355e-01,5.851320596204030444e-01,5.557177117882788897e-01,6.807089179862699790e-01,6.196109109879724963e-01,6.550884895572679500e-01,5.972179510102408884e-01,6.178262452030244267e-01,6.542054405503380243e-01
6.266284403245211410e-01,5.367021307011504705e-01,0.000000000000000000e+00,5.229325538251977656e-01,6.164690392938969588e-01,5.957319678160484244e-01,5.381050316291217106e-01,5.859076463216519315e-01,5.304944939568122519e-01,5.632674029203244004e-01,6.116277280072194289e-01,5.862549497419532463e-01,5.781878189606554086e-01,5.754345010791406256e-01,5.073875423425514564e-01,5.534717557492371265e-01,5.681417095081180424e-01,5.005590665110535298e-01,5.793573287997058063e-01
7.543919990811406295e-01,5.387078967310969801e-01,5.229325538251977656e-01,0.000000000000000000e+00,3.940331301488956828e-01,5.074845974962620687e-01,4.407311838137912274e-01,5.184486455234282865e-01,7.219136189136297066e-01,6.312466767207579599e-01,7.320799188796524026e-01,5.449546184002904692e-01,6.559557052269933131e-01,7.068486278602222894e-01,6.681496459932724230e-01,7.062366124353389729e-01,6.762428972044580711e-01,4.890409388138740598e-01,5.608634398474211524e-01
7.161864658149451612e-01,6.826467518756077490e-01,6.164690392938969588e-01,3.940331301488956828e-01,0.000000000000000000e+00,5.210248229213234605e-01,4.267115138217584258e-01,4.980224939366658110e-01,7.810706817557488968e-01,6.510828650446155441e-01,7.048485753879855098e-01,5.602856962580780031e-01,6.244367721137550342e-01,7.121240533479336055e-01,6.770258498205669051e-01,7.567203366298410616e-01,6.353736332403504550e-01,6.357250389885645836e-01,5.852029551251719530e-01
6.921087322449501755e-01,5.597205313196403909e-01,5.957319678160484244e-01,5.074845974962620687e-01,5.210248229213234605e-01,0.000000000000000000e+00,5.673240171032624124e-01,6.280624810909742894e-01,7.026336578109867448e-01,6.045878744653583325e-01,6.692001875413156053e-01,6.246947032972978153e-01,6.130665077597289292e-01,5.869612614460123501e-01,6.191175822494299208e-01,6.264143156253039191e-01,6.097517332499748921e-01,5.621695465387169799e-01,6.579700794633787098e-01
7.402765350307259906e-01,5.488288108270066301e-01,5.381050316291217106e-01,4.407311838137912274e-01,4.267115138217584258e-01,5.673240171032624124e-01,0.000000000000000000e+00,5.087018340547616591e-01,7.138139354416874749e-01,5.683534405752862506e-01,6.088153956144012335e-01,5.022452149069980276e-01,5.681957863145491450e-01,6.383508820242210779e-01,6.616958569700223114e-01,5.720553691061546209e-01,6.561137104612403403e-01,3.911455189659300280e-01,6.285091624168714919e-01
7.277819732900095984e-01,6.574227623568124068e-01,5.859076463216519315e-01,5.184486455234282865e-01,4.980224939366658110e-01,6.280624810909742894e-01,5.087018340547616591e-01,0.000000000000000000e+00,7.845524422530044673e-01,6.356996721430999697e-01,6.125331940953979704e-01,6.047825499196580745e-01,6.424459052059219299e-01,7.083606343976522890e-01,6.595702808529622097e-01,7.390225545057900192e-01,6.869376903889417019e-01,6.322083268585224625e-01,4.850539134986713852e-01
7.426098128194295045e-01,5.765311503891495937e-01,5.304944939568122519e-01,7.219136189136297066e-01,7.810706817557488968e-01,7.026336578109867448e-01,7.138139354416874749e-01,7.845524422530044673e-01,0.000000000000000000e+00,7.319811489877601218e-01,7.521696140066767011e-01,7.072721038149044626e-01,6.001371007924014567e-01,6.619185304557746452e-01,6.775848409562517105e-01,6.107926528587810378e-01,7.274745028915888811e-01,7.069594935026697335e-01,7.547767869177025579e-01
7.827630469826872828e-01,6.830614441935062287e-01,5.632674029203244004e-01,6.312466767207579599e-01,6.510828650446155441e-01,6.045878744653583325e-01,5.683534405752862506e-01,6.356996721430999697e-01,7.319811489877601218e-01,0.000000000000000000e+00,6.604251129558295075e-01,7.232856715573814377e-01,6.374661841108810734e-01,6.106014294915227403e-01,7.257971078056479897e-01,7.776611717545613978e-01,5.691616556153713535e-01,6.942915400919656976e-01,6.283696957188946719e-01
6.898823491034361544e-01,7.473378925299455355e-01,6.116277280072194289e-01,7.320799188796524026e-01,7.048485753879855098e-01,6.692001875413156053e-01,6.088153956144012335e-01,6.125331940953979704e-01,7.521696140066767011e-01,6.604251129558295075e-01,0.000000000000000000e+00,6.797771500694048674e-01,5.648410272923765074e-01,7.124261627781532935e-01,7.557112993478135587e-01,6.945734591100163335e-01,7.355918775977229318e-01,6.847444623956336907e-01,7.541506522789092060e-01
7.752841294747028211e-01,5.851320596204030444e-01,5.862549497419532463e-01,5.449546184002904692e-01,5.602856962580780031e-01,6.246947032972978153e-01,5.022452149069980276e-01,6.047825499196580745e-01,7.072721038149044626e-01,7.232856715573814377e-01,6.797771500694048674e-01,0.000000000000000000e+00,4.992085147332719353e-01,6.553321346561213900e-01,5.862801463149092118e-01,5.819688022499758251e-01,6.829625419565957811e-01,5.696749570323732526e-01,5.937469443842208205e-01
6.511975669529052047e-01,5.557177117882788897e-01,5.781878189606554086e-01,6.559557052269933131e-01,6.244367721137550342e-01,6.130665077597289292e-01,5.681957863145491450e-01,6.424459052059219299e-01,6.001371007924014567e-01,6.374661841108810734e-01,5.648410272923765074e-01,4.992085147332719353e-01,0.000000000000000000e+00,5.509709000198361739e-01,6.830165832657276725e-01,5.199127793166624656e-01,6.460361921208560565e-01,6.655573966004731945e-01,6.072855549148088450e-01
7.042962180343548262e-01,6.807089179862699790e-01,5.754345010791406256e-01,7.068486278602222894e-01,7.121240533479336055e-01,5.869612614460123501e-01,6.383508820242210779e-01,7.083606343976522890e-01,6.619185304557746452e-01,6.106014294915227403e-01,7.124261627781532935e-01,6.553321346561213900e-01,5.509709000198361739e-01,0.000000000000000000e+00,6.578864777360442506e-01,6.028198446710786307e-01,5.321156028000542104e-01,7.125035721872339245e-01,7.537112710194298071e-01
7.642183562061959368e-01,6.196109109879724963e-01,5.073875423425514564e-01,6.681496459932724230e-01,6.770258498205669051e-01,6.191175822494299208e-01,6.616958569700223114e-01,6.595702808529622097e-01,6.775848409562517105e-01,7.257971078056479897e-01,7.557112993478135587e-01,5.862801463149092118e-01,6.830165832657276725e-01,6.578864777360442506e-01,0.000000000000000000e+00,6.213205418672453906e-01,6.033167099570588832e-01,6.688516858863746695e-01,6.889144231009837194e-01
7.958391075924676761e-01,6.550884895572679500e-01,5.534717557492371265e-01,7.062366124353389729e-01,7.567203366298410616e-01,6.264143156253039191e-01,5.720553691061546209e-01,7.390225545057900192e-01,6.107926528587810378e-01,7.776611717545613978e-01,6.945734591100163335e-01,5.819688022499758251e-01,5.199127793166624656e-01,6.028198446710786307e-01,6.213205418672453906e-01,0.000000000000000000e+00,6.345844874387713830e-01,6.427088335183313017e-01,7.075506299719608316e-01
6.515465868674726879e-01,5.972179510102408884e-01,5.681417095081180424e-01,6.762428972044580711e-01,6.353736332403504550e-01,6.097517332499748921e-01,6.561137104612403403e-01,6.869376903889417019e-01,7.274745028915888811e-01,5.691616556153713535e-01,7.355918775977229318e-01,6.829625419565957811e-01,6.460361921208560565e-01,5.321156028000542104e-01,6.033167099570588832e-01,6.345844874387713830e-01,0.000000000000000000e+00,6.333990651719352272e-01,6.952428482272656751e-01
7.697988899397097962e-01,6.178262452030244267e-01,5.005590665110535298e-01,4.890409388138740598e-01,6.357250389885645836e-01,5.621695465387169799e-01,3.911455189659300280e-01,6.322083268585224625e-01,7.069594935026697335e-01,6.942915400919656976e-01,6.847444623956336907e-01,5.696749570323732526e-01,6.655573966004731945e-01,7.125035721872339245e-01,6.688516858863746695e-01,6.427088335183313017e-01,6.333990651719352272e-01,0.000000000000000000e+00,7.382651854666625324e-01
7.811956982903447422e-01,6.542054405503380243e-01,5.793573287997058063e-01,5.608634398474211524e-01,5.852029551251719530e-01,6.579700794633787098e-01,6.285091624168714919e-01,4.850539134986713852e-01,7.547767869177025579e-01,6.283696957188946719e-01,7.541506522789092060e-01,5.937469443842208205e-01,6.072855549148088450e-01,7.537112710194298071e-01,6.889144231009837194e-01,7.075506299719608316e-01,6.952428482272656751e-01,7.382651854666625324e-01,0.000000000000000000e+00
