0.000000000000000000e+00,1.985302680445965792e-02,1.605426669113395322e-01,6.533338673502134264e-02,2.676506493659892502e-02,7.590874999023376757e-02,4.850326289579246636e-02,7.886628057310571260e-02,1.038255925610351571e-01,4.197533511632758896e-02,6.450237071466824457e-02,8.929521015445829671e-03,5.079805204691602814e-03,1.960120863269630004e-02,4.531734508883852180e-02,4.547149497245088490e-02,9.790206190096177596e-02,3.545479651953035993e-02,2.328640620693538110e-02
1.985302680445965792e-02,0.000000000000000000e+00,8.719962054731759948e-02,1.869868878408982860e-01,2.802225322065117485e-02,7.174865918696018974e-02,7.596751634163878553e-02,1.204650581927639158e-01,9.609591556467818318e-02,2.818610231303842958e-02,2.886881614834539353e-02,2.230186800040978579e-02,9.316871693207358709e-03,2.782925765366069462e-02,4.632935581024802407e-02,5.703171864905865612e-02,1.170844080186858593e-01,3.590421244079781277e-02,5.394245974055241616e-02
1.605426669113395322e-01,8.719962054731759948e-02,0.000000000000000000e+00,4.764374100038760995e-02,2.118533071016842975e-02,5.793080012548586233e-02,6.428205849889311908e-03,3.514461116285352849e-02,6.633572889663466587e-02,3.745860381758586710e-02,8.313885872901081997e-02,3.101909600297201794e-02,4.271209907413310580e-02,2.536655179080292075e-02,5.075409828104964632e-02,5.870608482487444518e-02,2.600929612728710219e-02,2.696192341343226634e-02,2.166594940888140822e-02
6.533338673502134264e-02,1.869868878408982860e-01,4.764374100038760995e-02,0.000000000000000000e+00,2.316980562601298269e-02,3.222681187601993819e-02,1.418566955888407241e-02,1.257370072990131038e-01,3.675782032773038110e-02,1.235767728400216300e-02,4.940300408639500956e-02,6.777319399178848014e-02,1.015320933808534359e-01,3.519675665757841104e-02,1.010162123909482956e-01,3.494108111531041283e-02,3.282820448792827389e-02,2.499225825113864791e-02,4.248912216106534578e-02
2.676506493659892502e-02,2.802225322065117485e-02,2.118533071016842975e-02,2.316980562601298269e-02,0.000000000000000000e+00,5.992057243906901039e-03,4.704224881016066256e-02,2.275211104489786862e-02,1.773540622221076585e-02,6.366212040430135888e-02,3.549977140071208792e-02,8.213747486543857695e-03,6.554870880482016604e-02,3.517949351080110199e-02,4.695726888658133258e-02,7.700800088616280292e-02,2.590744258430095759e-02,1.216797254001532845e-02,1.732364673780812173e-02
7.590874999023376757e-02,7.174865918696018974e-02,5.793080012548586233e-02,3.222681187601993819e-02,5.992057243906901039e-03,0.000000000000000000e+00,4.785992130692548474e-02,1.759277086255851275e-01,5.509166930154417441e-02,6.641740259234332755e-02,9.035701062731735234e-02,5.319610915866378187e-02,1.586100816816224945e-01,8.414545814990269379e-02,8.361338354877655143e-02,3.020141488782105213e-02,4.008395624854457773e-02,1.429977113060337162e-03,1.056236802762809124e-01
4.850326289579246636e-02,7.596751634163878553e-02,6.428205849889311908e-03,1.418566955888407241e-02,4.704224881016066256e-02,4.785992130692548474e-02,0.000000000000000000e+00,8.524033020027738106e-02,7.860393823761928356e-02,4.181357510228798230e-02,2.415033297804799681e-02,1.434517250561180048e-02,3.173158326402890361e-02,4.614336054911299945e-02,6.456598058938865792e-02,2.351978030604364236e-02,3.705301369980437166e-03,3.179397453557379627e-02,8.391118774420699977e-02
7.886628057310571260e-02,1.204650581927639158e-01,3.514461116285352849e-02,1.257370072990131038e-01,2.275211104489786862e-02,1.759277086255851275e-01,8.524033020027738106e-02,0.000000000000000000e+00,1.316126603839141151e-01,1.049908182064002299e-01,4.408172511250473685e-02,1.369377877262584198e-01,3.462715032582747154e-02,1.191611241471420557e-01,7.759432221462002344e-02,1.298214535668892056e-01,7.309779712555863895e-02,4.366961843201390414e-02,1.482869296693855032e-01
1.038255925610351571e-01,9.609591556467818318e-02,6.633572889663466587e-02,3.675782032773038110e-02,1.773540622221076585e-02,5.509166930154417441e-02,7.860393823761928356e-02,1.316126603839141151e-01,0.000000000000000000e+00,3.257393821451884386e-02,1.001265173390720326e-01,4.510004882431911666e-02,1.376864459571159049e-01,6.375811819393019386e-02,1.656138655101084267e-01,1.922691580335790518e-02,3.119752788574433472e-02,3.724170170823756787e-02,1.355674866485147567e-01
4.197533511632758896e-02,2.818610231303842958e-02,3.745860381758586710e-02,1.235767728400216300e-02,6.366212040430135888e-02,6.641740259234332755e-02,4.181357510228798230e-02,1.049908182064002299e-01,3.257393821451884386e-02,0.000000000000000000e+00,3.886949874933572774e-02,1.272638842214885400e-02,1.079268724672743096e-01,2.578666424504863150e-02,9.897529158375595326e-02,6.025354402548927651e-02,1.308808559449251528e-02,4.887395303691519782e-02,4.695510089652631114e-02
6.450237071466824457e-02,2.886881614834539353e-02,8.313885872901081997e-02,4.940300408639500956e-02,3.549977140071208792e-02,9.035701062731735234e-02,2.415033297804799681e-02,4.408172511250473685e-02,1.001265173390720326e-01,3.886949874933572774e-02,0.000000000000000000e+00,2.241744843221032263e-02,1.020207313566856046e-02,2.157231422361239118e-02,4.673682165344707207e-02,3.833520771642418001e-02,3.815139702575690017e-02,3.838314738834137929e-02,2.140141285317402262e-02
8.929521015445829671e-03,2.230186800040978579e-02,3.101909600297201794e-02,6.777319399178848014e-02,8.213747486543857695e-03,5.319610915866378187e-02,1.434517250561180048e-02,1.369377877262584198e-01,4.510004882431911666e-02,1.272638842214885400e-02,2.241744843221032263e-02,0.000000000000000000e+00,4.455554872990571957e-02,2.160019260488542023e-02,4.578386935493140159e-02,7.878224783800141795e-02,4.092197412607072315e-02,1.504524964119926221e-02,2.162939059091451011e-02
5.079805204691602814e-03,9.316871693207358709e-03,4.271209907413310580e-02,1.015320933808534359e-01,6.554870880482016604e-02,1.586100816816224945e-01,3.173158326402890361e-02,3.462715032582747154e-02,1.376864459571159049e-01,1.079268724672743096e-01,1.020207313566856046e-02,4.455554872990571957e-02,0.000000000000000000e+00,2.769772264173958262e-02,8.075567759072144192e-02,4.353651377582602039e-02,7.374005694758534180e-02,7.706392094293054718e-02,3.480193599950238970e-02
1.960120863269630004e-02,2.782925765366069462e-02,2.536655179080292075e-02,3.519675665757841104e-02,3.517949351080110199e-02,8.414545814990269379e-02,4.614336054911299945e-02,1.191611241471420557e-01,6.375811819393019386e-02,2.578666424504863150e-02,2.157231422361239118e-02,2.160019260488542023e-02,2.769772264173958262e-02,0.000000000000000000e+00,5.250561025247880986e-02,3.232568148702710809e-02,2.482707671879276490e-02,2.220821858357417342e-02,1.206809902189645914e-02
4.531734508883852180e-02,4.632935581024802407e-02,5.075409828104964632e-02,1.010162123909482956e-01,4.695726888658133258e-02,8.361338354877655143e-02,6.456598058938865792e-02,7.759432221462002344e-02,1.656138655101084267e-01,9.897529158375595326e-02,4.673682165344707207e-02,4.578386935493140159e-02,8.075567759072144192e-02,5.250561025247880986e-02,0.000000000000000000e+00,3.313183681530940117e-02,6.810933515223419055e-02,3.983744668545395606e-02,5.429136761124474242e-02
4.547149497245088490e-02,5.703171864905865612e-02,5.870608482487444518e-02,3.494108111531041283e-02,7.700800088616280292e-02,3.020141488782105213e-02,2.351978030604364236e-02,1.298214535668892056e-01,1.922691580335790518e-02,6.025354402548927651e-02,3.833520771642418001e-02,7.878224783800141795e-02,4.353651377582602039e-02,3.232568148702710809e-02,3.313183681530940117e-02,0.000000000000000000e+00,2.902962301439623860e-02,1.555788936334488379e-02,3.323172782492857941e-02
9.790206190096177596e-02,1.170844080186858593e-01,2.600929612728710219e-02,3.282820448792827389e-02,2.590744258430095759e-02,4.008395624854457773e-02,3.705301369980437166e-03,7.309779712555863895e-02,3.119752788574433472e-02,1.308808559449251528e-02,3.815139702575690017e-02,4.092197412607072315e-02,7.374005694758534180e-02,2.482707671879276490e-02,6.810933515223419055e-02,2.902962301439623860e-02,0.000000000000000000e+00,5.051717707272031233e-02,3.174700164929317864e-02
3.545479651953035993e-02,3.590421244079781277e-02,2.696192341343226634e-02,2.499225825113864791e-02,1.216797254001532845e-02,1.429977113060337162e-03,3.179397453557379627e-02,4.366961843201390414e-02,3.724170170823756787e-02,4.887395303691519782e-02,3.838314738834137929e-02,1.504524964119926221e-02,7.706392094293054718e-02,2.220821858357417342e-02,3.983744668545395606e-02,1.555788936334488379e-02,5.051717707272031233e-02,0.000000000000000000e+00,4.349568618957503491e-02
2.328640620693538110e-02,5.394245974055241616e-02,2.166594940888140822e-02,4.248912216106534578e-02,1.732364673780812173e-02,1.056236802762809124e-01,8.391118774420699977e-02,1.482869296693855032e-01,1.355674866485147567e-01,4.695510089652631114e-02,2.140141285317402262e-02,2.162939059091451011e-02,3.480193599950238970e-02,1.206809902189645914e-02,5.429136761124474242e-02,3.323172782492857941e-02,3.174700164929317864e-02,4.349568618957503491e-02,0.000000000000000000e+00
