0.000000000000000000e+00,-1.779942537684928855e-02,-1.187392087702034485e-02,-1.118335972958654952e-02,2.108356707116171638e-02,6.441248294318066558e-03,9.669410680239859043e-03,2.766358618870637907e-03,9.886152642295574847e-03,4.887464668082331862e-03,-6.308675877586202192e-03,-1.044935353108041899e-02,-2.061603875050142115e-03,-9.786135738970507675e-03,5.341396325830784220e-03,8.373288585506108981e-05,1.068851571571103297e-02,-1.297630180053846449e-02,1.530830637685417529e-02
-1.779942537684928855e-02,0.000000000000000000e+00,-1.427444189026346941e-02,-1.837338974333230582e-02,2.777607979581549896e-02,1.158947987101475487e-02,1.804151169221338696e-02,1.732277117873580810e-02,2.064492991744435943e-02,8.673839972845825627e-03,-1.510743292729870881e-02,9.722595414916691825e-03,-1.400849140373540067e-02,-6.532453137838655985e-03,2.672929911249483960e-03,2.502128449863141174e-02,-1.245066753345447190e-02,-6.912183324840786777e-03,1.754607298524527015e-02
-1.187392087702034485e-02,-1.427444189026346941e-02,0.000000000000000000e+00,-3.997541127119160105e-03,7.596409253387476079e-03,-4.392646108140697836e-03,-1.419921467126135026e-02,-4.118741829917319311e-03,-1.267042065670388393e-02,1.232650322563427856e-03,-1.298978337739017594e-02,-8.619408856150695755e-03,2.916740107818848382e-04,-9.659796976404282087e-03,-1.094431215458034970e-02,-1.149023837232410541e-02,5.998629243738330848e-03,-1.572580308617300623e-02,1.853996361464057760e-02
-1.118335972958654952e-02,-1.837338974333230582e-02,-3.997541127119160105e-03,0.000000000000000000e+00,6.179753100086121317e-03,6.563492999244279098e-03,-1.458780609940696360e-02,-1.021466141622902682e-02,-1.380498251402682494e-02,-1.461801738142470743e-03,-3.577827674677166135e-03,-1.580070918649847857e-03,-8.846137845198078636e-03,-8.588581641457749410e-03,-1.404114417657180078e-02,-1.202977155328691615e-02,1.055910129559926120e-03,-6.055570515505475683e-03,1.647567217494984651e-02
2.108356707116171638e-02,2.777607979581549896e-02,7.596409253387476079e-03,6.179753100086121317e-03,0.000000000000000000e+00,-1.247523823272819396e-02,-6.843245713185235231e-03,-7.261884215661128412e-03,-6.819424944549672563e-04,-1.878465885376116125e-03,-1.005914946166906005e-03,1.398112875108810903e-02,6.318626916758859728e-03,1.425636316152827619e-02,-6.777335460456228484e-03,-2.361792701023305956e-03,1.311985104238930959e-03,-1.466618157219917382e-02,-2.388059129452901137e-04
6.441248294318066558e-03,1.158947987101475487e-02,-4.392646108140697836e-03,6.563492999244279098e-03,-1.247523823272819396e-02,0.000000000000000000e+00,-6.235625762051577939e-03,-8.425274477337946905e-03,9.306128824604574176e-03,2.701078597030353960e-03,-1.199046136415537860e-02,7.626423575388524383e-03,-5.931597914839580217e-03,5.638378226441610568e-03,-6.572153119198551052e-03,-1.035302192619150588e-02,6.968900015108757656e-04,6.981774359051823049e-04,2.682521537056778600e-03
9.669410680239859043e-03,1.804151169221338696e-02,-1.419921467126135026e-02,-1.458780609940696360e-02,-6.843245713185235231e-03,-6.235625762051577939e-03,0.000000000000000000e+00,-1.889937983027170686e-03,1.352649721664333192e-02,5.147242242258091849e-03,-1.093433740666667833e-02,-6.150512424337639152e-03,-1.258187458705618302e-02,-1.250564545348664680e-02,2.306097187364099591e-02,-6.486970518724317729e-03,-1.459478112430753240e-02,5.433459932144215840e-03,1.211627913550415714e-01
2.766358618870637907e-03,1.732277117873580810e-02,-4.118741829917319311e-03,-1.021466141622902682e-02,-7.261884215661128412e-03,-8.425274477337946905e-03,-1.889937983027170686e-03,0.000000000000000000e+00,3.981392265551630949e-02,-7.335964941814207075e-04,-1.048044098836311763e-02,3.547418054946958974e-03,-1.246741425100248053e-02,4.543447463088622290e-04,1.478373285427889497e-02,9.891061120114633121e-02,-4.195900592836754317e-03,1.890512547928703199e-02,1.435356264311612173e-01
9.886152642295574847e-03,2.064492991744435943e-02,-1.267042065670388393e-02,-1.380498251402682494e-02,-6.819424944549672563e-04,9.306128824604574176e-03,1.352649721664333192e-02,3.981392265551630949e-02,0.000000000000000000e+00,7.442407595278838217e-02,-1.138492521704718465e-02,-8.515426829701766911e-03,-1.128671104303529196e-02,-9.377060713394601635e-03,-3.884588041912788361e-03,-1.190004417300557886e-02,-1.366976953157608698e-02,1.062044556076292487e-02,1.411591462535402852e-01
4.887464668082331862e-03,8.673839972845825627e-03,1.232650322563427856e-03,-1.461801738142470743e-03,-1.878465885376116125e-03,2.701078597030353960e-03,5.147242242258091849e-03,-7.335964941814207075e-04,7.442407595278838217e-02,0.000000000000000000e+00,-9.749847979389564961e-03,-5.492633167005496475e-03,-1.150135895068565839e-02,-7.583425844650651046e-03,2.887919203761444426e-02,1.106620320490794285e-01,6.755423459158459501e-03,2.916977610881100330e-02,6.776345740868151835e-02
-6.308675877586202192e-03,-1.510743292729870881e-02,-1.298978337739017594e-02,-3.577827674677166135e-03,-1.005914946166906005e-03,-1.199046136415537860e-02,-1.093433740666667833e-02,-1.048044098836311763e-02,-1.138492521704718465e-02,-9.749847979389564961e-03,0.000000000000000000e+00,-1.199104408092825994e-02,-9.713355405043665181e-03,-8.174870473133529630e-03,-1.297762970141798020e-02,-1.576820947039737908e-02,3.483051881390478860e-03,-1.359611823933764597e-02,1.110361067519950815e-03
-1.044935353108041899e-02,9.722595414916691825e-03,-8.619408856150695755e-03,-1.580070918649847857e-03,1.398112875108810903e-02,7.626423575388524383e-03,-6.150512424337639152e-03,3.547418054946958974e-03,-8.515426829701766911e-03,-5.492633167005496475e-03,-1.199104408092825994e-02,0.000000000000000000e+00,-1.656689712138732437e-02,-1.138254314366955039e-02,-1.280323008407844611e-02,7.423392306828058632e-03,-3.665558307006487691e-03,-1.229127004947697197e-03,1.008535972294437311e-03
-2.061603875050142115e-03,-1.400849140373540067e-02,2.916740107818848382e-04,-8.846137845198078636e-03,6.318626916758859728e-03,-5.931597914839580217e-03,-1.258187458705618302e-02,-1.246741425100248053e-02,-1.128671104303529196e-02,-1.150135895068565839e-02,-9.713355405043665181e-03,-1.656689712138732437e-02,0.000000000000000000e+00,-1.500987919485108867e-02,-1.678671567788593555e-02,-1.442470409897592641e-02,-4.483706953533185199e-03,-7.099028611344331344e-03,-9.715751098888222165e-03
-9.786135738970507675e-03,-6.532453137838655985e-03,-9.659796976404282087e-03,-8.588581641457749410e-03,1.425636316152827619e-02,5.638378226441610568e-03,-1.250564545348664680e-02,4.543447463088622290e-04,-9.377060713394601635e-03,-7.583425844650651046e-03,-8.174870473133529630e-03,-1.138254314366955039e-02,-1.500987919485108867e-02,0.000000000000000000e+00,-1.428932835390152659e-02,-7.532326749399148418e-03,-7.908870670584910653e-03,9.003782113929525641e-03,1.152860088828954518e-03
5.341396325830784220e-03,2.672929911249483960e-03,-1.094431215458034970e-02,-1.404114417657180078e-02,-6.777335460456228484e-03,-6.572153119198551052e-03,2.306097187364099591e-02,1.478373285427889497e-02,-3.884588041912788361e-03,2.887919203761444426e-02,-1.297762970141798020e-02,-1.280323008407844611e-02,-1.678671567788593555e-02,-1.428932835390152659e-02,0.000000000000000000e+00,-8.583051773556265446e-03,-1.333939237238421748e-02,-9.413876688920463703e-04,5.425175737152974909e-02
8.373288585506108981e-05,2.502128449863141174e-02,-1.149023837232410541e-02,-1.202977155328691615e-02,-2.361792701023305956e-03,-1.035302192619150588e-02,-6.486970518724317729e-03,9.891061120114633121e-02,-1.190004417300557886e-02,1.106620320490794285e-01,-1.576820947039737908e-02,7.423392306828058632e-03,-1.442470409897592641e-02,-7.532326749399148418e-03,-8.583051773556265446e-03,0.000000000000000000e+00,-9.399566371308658991e-03,6.872203438091688266e-03,9.440577620741366638e-02
1.068851571571103297e-02,-1.245066753345447190e-02,5.998629243738330848e-03,1.055910129559926120e-03,1.311985104238930959e-03,6.968900015108757656e-04,-1.459478112430753240e-02,-4.195900592836754317e-03,-1.366976953157608698e-02,6.755423459158459501e-03,3.483051881390478860e-03,-3.665558307006487691e-03,-4.483706953533185199e-03,-7.908870670584910653e-03,-1.333939237238421748e-02,-9.399566371308658991e-03,0.000000000000000000e+00,-6.224393627107149135e-03,2.394924776444827194e-02
-1.297630180053846449e-02,-6.912183324840786777e-03,-1.572580308617300623e-02,-6.055570515505475683e-03,-1.466618157219917382e-02,6.981774359051823049e-04,5.433459932144215840e-03,1.890512547928703199e-02,1.062044556076292487e-02,2.916977610881100330e-02,-1.359611823933764597e-02,-1.229127004947697197e-03,-7.099028611344331344e-03,9.003782113929525641e-03,-9.413876688920463703e-04,6.872203438091688266e-03,-6.224393627107149135e-03,0.000000000000000000e+00,5.301793506029506275e-02
1.530830637685417529e-02,1.754607298524527015e-02,1.853996361464057760e-02,1.647567217494984651e-02,-2.388059129452901137e-04,2.682521537056778600e-03,1.211627913550415714e-01,1.435356264311612173e-01,1.411591462535402852e-01,6.776345740868151835e-02,1.110361067519950815e-03,1.008535972294437311e-03,-9.715751098888222165e-03,1.152860088828954518e-03,5.425175737152974909e-02,9.440577620741366638e-02,2.394924776444827194e-02,5.301793506029506275e-02,0.000000000000000000e+00
