0.000000000000000000e+00,9.721938454963492682e-02,5.051963122958268437e-01,4.311817182198079412e-01,-6.097039017919627865e-03,2.667038738526835706e-01,4.431008770596738811e-01,7.181802910278785312e-02,3.355018199881237839e-01,3.470592187873011020e-02,4.727827555009432858e-01,-2.078966880119188093e-02,7.551602397247657583e-01,4.502621537971047694e-01,5.877982938641006516e-01,1.883455232795094580e-01,7.265973108345639142e-01,7.182580495202801618e-01,3.998623291421906645e-01
9.721938454963492682e-02,0.000000000000000000e+00,3.725783961736939265e-01,4.346635580916372033e-01,-2.091457018456215414e-02,3.026223579546189479e-01,3.964213674559274314e-01,1.291918032953488504e-01,2.846789071002757132e-01,4.244171414484863153e-02,5.054099059109961045e-01,-1.828381938616289656e-02,7.133759905601924078e-01,4.699086296332010693e-01,5.541072866104908012e-01,2.222292088313600478e-01,6.863294685074713408e-01,7.600404798634226022e-01,4.687031500052530331e-01
5.051963122958268437e-01,3.725783961736939265e-01,0.000000000000000000e+00,1.947508984281056121e-01,2.384428937642028568e-01,3.444648115399456811e-01,6.703413323028999116e-02,3.287869127545025583e-01,1.547004456549580520e-02,4.001676662255196359e-02,4.380989905396646122e-01,1.875522777155919640e-01,4.550052898571712023e-01,2.555557779309182154e-01,3.265622738167966999e-01,6.736953809889664746e-02,1.837894486994683108e-01,5.671333376765372858e-01,5.668499417411292374e-01
4.311817182198079412e-01,4.346635580916372033e-01,1.947508984281056121e-01,0.000000000000000000e+00,4.510799953045687150e-01,4.335450241178525621e-01,3.639043479787708035e-01,3.528111886506795081e-01,5.933031610426379998e-02,2.683778176356190620e-02,3.775446160138193341e-01,3.446764679245063467e-01,3.755131960542487102e-01,2.370157235016925878e-01,2.048505480385823252e-01,1.370770290049641571e-01,-5.784220902537613729e-04,6.314027473549203018e-01,5.335506000931132808e-01
-6.097039017919627865e-03,-2.091457018456215414e-02,2.384428937642028568e-01,4.510799953045687150e-01,0.000000000000000000e+00,2.070325328237020979e-01,1.582468796239511755e-01,3.581020015935622997e-02,1.099175322642007152e-01,1.623449968041943553e-02,3.872228501784371058e-01,-1.054029336685157955e-02,7.338427624036742980e-01,5.497110260062612053e-01,4.987400631943124663e-01,2.916413145619912717e-01,6.357054834170918767e-01,7.960616239004874028e-01,3.627271079941160048e-01
2.667038738526835706e-01,3.026223579546189479e-01,3.444648115399456811e-01,4.335450241178525621e-01,2.070325328237020979e-01,0.000000000000000000e+00,4.402759989337260427e-01,6.596629060956557544e-02,2.507027491130041086e-01,2.943236856728946929e-02,5.578217359943482556e-02,3.324115388378990482e-02,6.452160579849970379e-01,4.322576575391652298e-01,5.586697807267219096e-01,1.725430587752963540e-01,6.667956687201661570e-01,4.459331276589349469e-01,-1.874734425146373090e-02
4.431008770596738811e-01,3.964213674559274314e-01,6.703413323028999116e-02,3.639043479787708035e-01,1.582468796239511755e-01,4.402759989337260427e-01,0.000000000000000000e+00,3.971013903424085445e-01,9.139068973554184683e-02,-1.540849364175255962e-02,6.664992128332636323e-01,3.328637550546789114e-01,8.398306855618763445e-01,5.048586354126413100e-01,5.644430320730212669e-01,1.718144127501141927e-01,6.072254365554509148e-01,8.154003286784112792e-01,7.624828310367536277e-01
7.181802910278785312e-02,1.291918032953488504e-01,3.287869127545025583e-01,3.528111886506795081e-01,3.581020015935622997e-02,6.596629060956557544e-02,3.971013903424085445e-01,0.000000000000000000e+00,2.003454861300283940e-01,3.062732777886112423e-02,1.497520197262899033e-01,-1.197767064726633357e-02,5.285256784596660262e-01,4.003857626270838632e-01,4.012737142706088167e-01,1.752093624917027692e-01,5.756046183029288610e-01,4.556028755193347601e-01,1.973393138945457592e-01
3.355018199881237839e-01,2.846789071002757132e-01,1.547004456549580520e-02,5.933031610426379998e-02,1.099175322642007152e-01,2.507027491130041086e-01,9.139068973554184683e-02,2.003454861300283940e-01,0.000000000000000000e+00,1.047890120199180750e-02,2.652036725112785764e-01,1.235769747550230502e-01,3.051005778473398489e-01,2.233919386266825652e-02,7.461646494310905653e-02,-1.424636608486340959e-02,-9.438106615550390099e-03,3.219285763869930705e-01,2.876942403017085370e-01
3.470592187873011020e-02,4.244171414484863153e-02,4.001676662255196359e-02,2.683778176356190620e-02,1.623449968041943553e-02,2.943236856728946929e-02,-1.540849364175255962e-02,3.062732777886112423e-02,1.047890120199180750e-02,0.000000000000000000e+00,3.968126960104667589e-02,7.302168544525115823e-02,7.056615025768224470e-02,3.804679167547848906e-02,4.655368352022368900e-02,1.898363102143597186e-02,6.971387718161466129e-02,8.949176515228471351e-02,4.204856441314034493e-02
4.727827555009432858e-01,5.054099059109961045e-01,4.380989905396646122e-01,3.775446160138193341e-01,3.872228501784371058e-01,5.578217359943482556e-02,6.664992128332636323e-01,1.497520197262899033e-01,2.652036725112785764e-01,3.968126960104667589e-02,0.000000000000000000e+00,8.904827494603625992e-02,6.195209883792173189e-01,2.232574025722537381e-01,4.292441905396418567e-01,1.354166893394546933e-01,5.466910597709816466e-01,2.803425468588401914e-01,-3.266595525352231186e-04
-2.078966880119188093e-02,-1.828381938616289656e-02,1.875522777155919640e-01,3.446764679245063467e-01,-1.054029336685157955e-02,3.324115388378990482e-02,3.328637550546789114e-01,-1.197767064726633357e-02,1.235769747550230502e-01,7.302168544525115823e-02,8.904827494603625992e-02,0.000000000000000000e+00,4.961429020210648133e-01,3.478020042183614935e-01,3.370807137344326021e-01,2.449997351779704680e-01,4.680772857238393314e-01,4.637927748376441395e-01,2.024002935873358278e-01
7.551602397247657583e-01,7.133759905601924078e-01,4.550052898571712023e-01,3.755131960542487102e-01,7.338427624036742980e-01,6.452160579849970379e-01,8.398306855618763445e-01,5.285256784596660262e-01,3.051005778473398489e-01,7.056615025768224470e-02,6.195209883792173189e-01,4.961429020210648133e-01,0.000000000000000000e+00,8.570479851481535224e-03,1.974873802657259036e-01,1.142722755719480093e-01,5.135153116662520834e-01,6.318007848164650664e-01,7.984821729397403312e-01
4.502621537971047694e-01,4.699086296332010693e-01,2.555557779309182154e-01,2.370157235016925878e-01,5.497110260062612053e-01,4.322576575391652298e-01,5.048586354126413100e-01,4.003857626270838632e-01,2.233919386266825652e-02,3.804679167547848906e-02,2.232574025722537381e-01,3.478020042183614935e-01,8.570479851481535224e-03,0.000000000000000000e+00,-2.642268630740972693e-02,7.622085274952136724e-02,3.339800425650900628e-01,3.350724345811945670e-01,4.507837416771350858e-01
5.877982938641006516e-01,5.541072866104908012e-01,3.265622738167966999e-01,2.048505480385823252e-01,4.987400631943124663e-01,5.586697807267219096e-01,5.644430320730212669e-01,4.012737142706088167e-01,7.461646494310905653e-02,4.655368352022368900e-02,4.292441905396418567e-01,3.370807137344326021e-01,1.974873802657259036e-01,-2.642268630740972693e-02,0.000000000000000000e+00,3.984546600131010780e-02,2.651141153818764584e-01,6.153711007261349897e-01,5.839922580093032112e-01
1.883455232795094580e-01,2.222292088313600478e-01,6.736953809889664746e-02,1.370770290049641571e-01,2.916413145619912717e-01,1.725430587752963540e-01,1.718144127501141927e-01,1.752093624917027692e-01,-1.424636608486340959e-02,1.898363102143597186e-02,1.354166893394546933e-01,2.449997351779704680e-01,1.142722755719480093e-01,7.622085274952136724e-02,3.984546600131010780e-02,0.000000000000000000e+00,5.488188723331950680e-02,2.474075406092684781e-01,2.118718890629665563e-01
7.265973108345639142e-01,6.863294685074713408e-01,1.837894486994683108e-01,-5.784220902537613729e-04,6.357054834170918767e-01,6.667956687201661570e-01,6.072254365554509148e-01,5.756046183029288610e-01,-9.438106615550390099e-03,6.971387718161466129e-02,5.466910597709816466e-01,4.680772857238393314e-01,5.135153116662520834e-01,3.339800425650900628e-01,2.651141153818764584e-01,5.488188723331950680e-02,0.000000000000000000e+00,7.946143515940768953e-01,7.588093401565709772e-01
7.182580495202801618e-01,7.600404798634226022e-01,5.671333376765372858e-01,6.314027473549203018e-01,7.960616239004874028e-01,4.459331276589349469e-01,8.154003286784112792e-01,4.556028755193347601e-01,3.219285763869930705e-01,8.949176515228471351e-02,2.803425468588401914e-01,4.637927748376441395e-01,6.318007848164650664e-01,3.350724345811945670e-01,6.153711007261349897e-01,2.474075406092684781e-01,7.946143515940768953e-01,0.000000000000000000e+00,5.517946340428487861e-01
3.998623291421906645e-01,4.687031500052530331e-01,5.668499417411292374e-01,5.335506000931132808e-01,3.627271079941160048e-01,-1.874734425146373090e-02,7.624828310367536277e-01,1.973393138945457592e-01,2.876942403017085370e-01,4.204856441314034493e-02,-3.266595525352231186e-04,2.024002935873358278e-01,7.984821729397403312e-01,4.507837416771350858e-01,5.839922580093032112e-01,2.118718890629665563e-01,7.588093401565709772e-01,5.517946340428487861e-01,0.000000000000000000e+00
