0.000000000000000000e+00,2.479267222928098757e-01,2.162153922075052970e-01,2.470730901139800151e-01,1.837331896744751891e-01,2.385487151405782380e-01,8.610557520445559498e-02,1.459476433854401400e-01,2.726558338044821617e-01,2.742187712620351436e-01,8.912643507142400945e-02,1.293235436050602094e-01,2.169877112171257061e-01,1.253895235671285413e-01,2.734529086898657702e-01,2.554187926492098581e-01,2.217807107532697164e-01,2.049520017144136064e-01,1.897398736418201004e-01
2.479267222928098757e-01,0.000000000000000000e+00,2.513191371199742785e-01,2.823302543885317650e-01,2.311949465355872813e-01,2.785428646704746214e-01,1.542873685075478174e-01,2.427128996534193839e-01,2.953458445029623625e-01,2.961318730310537051e-01,7.759948938448896216e-02,9.825923919023071829e-02,2.638011690007243670e-01,1.999398438304643977e-01,2.925523585083440459e-01,2.869263362945145834e-01,2.612291076607450302e-01,2.451772580384617983e-01,2.416843475247615336e-01
2.162153922075052970e-01,2.513191371199742785e-01,0.000000000000000000e+00,8.712120515068733084e-02,2.966655487284071691e-01,1.051475857554728943e-01,2.825820910698768063e-01,2.564080357228964990e-01,3.204329023710420499e-01,3.175670484038971009e-01,3.321035622438300305e-01,3.315991479730612257e-01,2.140024625705192474e-01,2.853073170979356643e-01,3.028815460155536154e-01,2.935800151041846884e-01,1.731601054589703981e-01,2.866796059238966299e-01,2.701779987163461794e-01
2.470730901139800151e-01,2.823302543885317650e-01,8.712120515068733084e-02,0.000000000000000000e+00,3.601598220219687230e-01,3.118014969099021094e-01,3.261564720649404725e-01,3.090960997298345392e-01,3.135350245229024946e-01,3.129271503168188917e-01,3.566805883711922642e-01,3.574071964167581661e-01,3.382908065149669019e-01,3.389991867905501333e-01,3.005831405307076154e-01,3.234003340213158495e-01,3.479553099023005580e-01,3.242452974587600179e-01,3.542245240073539359e-01
1.837331896744751891e-01,2.311949465355872813e-01,2.966655487284071691e-01,3.601598220219687230e-01,0.000000000000000000e+00,3.508467959241741707e-01,2.716316172125264883e-01,2.198650277697068722e-01,3.218952510427506297e-01,3.190254739304532738e-01,3.609132001226993958e-01,3.611626465002420461e-01,2.154120594539319089e-01,2.718062364035660483e-01,3.034406603825191562e-01,3.529471966683669915e-01,3.536482346916722808e-01,3.070545067493394287e-01,1.280744027261161433e-01
2.385487151405782380e-01,2.785428646704746214e-01,1.051475857554728943e-01,3.118014969099021094e-01,3.508467959241741707e-01,0.000000000000000000e+00,3.291069462117587885e-01,3.083864297020997847e-01,3.133622702332757859e-01,3.128332784047234139e-01,3.653384717932343095e-01,3.670862424235363797e-01,3.603664180250955029e-01,3.466393200038266897e-01,3.012625458343662355e-01,3.181524470544711547e-01,4.857958177272991146e-02,1.018260733047131467e-01,3.687543109847077893e-01
8.610557520445559498e-02,1.542873685075478174e-01,2.825820910698768063e-01,3.261564720649404725e-01,2.716316172125264883e-01,3.291069462117587885e-01,0.000000000000000000e+00,3.668781623717374263e-01,3.180281131767489500e-01,3.169460746122041983e-01,1.401479325946582977e-01,2.670615629272214964e-01,3.191572343498258468e-01,2.712916577799755480e-01,3.049335768124904478e-01,3.256762634181432081e-01,3.032680269956707364e-01,2.814324004064945872e-01,2.937969164058215066e-01
1.459476433854401400e-01,2.427128996534193839e-01,2.564080357228964990e-01,3.090960997298345392e-01,2.198650277697068722e-01,3.083864297020997847e-01,3.668781623717374263e-01,0.000000000000000000e+00,3.119590443184049877e-01,3.117279977648947376e-01,2.474633224398463671e-01,3.195576367500536641e-01,2.863452291706971575e-01,8.718137036069216472e-02,3.024627230955210799e-01,3.119396789050547514e-01,2.753512237108388105e-01,2.469938213952078410e-01,2.404430025818949934e-01
2.726558338044821617e-01,2.953458445029623625e-01,3.204329023710420499e-01,3.135350245229024946e-01,3.218952510427506297e-01,3.133622702332757859e-01,3.180281131767489500e-01,3.119590443184049877e-01,0.000000000000000000e+00,3.098233947776471986e-01,2.980403952946907298e-01,2.886488777196746236e-01,3.177465727164001108e-01,3.203884420051977822e-01,2.788280374051080868e-01,3.119752618839352620e-01,3.211752497575409704e-01,3.217614363528861210e-01,3.210627075292722399e-01
2.742187712620351436e-01,2.961318730310537051e-01,3.175670484038971009e-01,3.129271503168188917e-01,3.190254739304532738e-01,3.128332784047234139e-01,3.169460746122041983e-01,3.117279977648947376e-01,3.098233947776471986e-01,0.000000000000000000e+00,2.911398600816788584e-01,2.800074597402653076e-01,3.165092536983484250e-01,3.186711916676402967e-01,2.658390926614652150e-01,3.115830966834183258e-01,3.190197166791001182e-01,3.187878429981165773e-01,3.190085564718592726e-01
8.912643507142400945e-02,7.759948938448896216e-02,3.321035622438300305e-01,3.566805883711922642e-01,3.609132001226993958e-01,3.653384717932343095e-01,1.401479325946582977e-01,2.474633224398463671e-01,2.980403952946907298e-01,2.911398600816788584e-01,0.000000000000000000e+00,3.496151596071068735e-01,3.685830625420238316e-01,3.179550934287410646e-01,2.619790326288534699e-01,3.467865166936732191e-01,3.544937013935159920e-01,3.473081586886642147e-01,3.687670716293553475e-01
1.293235436050602094e-01,9.825923919023071829e-02,3.315991479730612257e-01,3.574071964167581661e-01,3.611626465002420461e-01,3.670862424235363797e-01,2.670615629272214964e-01,3.195576367500536641e-01,2.886488777196746236e-01,2.800074597402653076e-01,3.496151596071068735e-01,0.000000000000000000e+00,3.708898032689202928e-01,3.608524603320151791e-01,2.449236850023473189e-01,3.464642109814085602e-01,3.547735568251198512e-01,3.472590227129732643e-01,3.707193974541868053e-01
2.169877112171257061e-01,2.638011690007243670e-01,2.140024625705192474e-01,3.382908065149669019e-01,2.154120594539319089e-01,3.603664180250955029e-01,3.191572343498258468e-01,2.863452291706971575e-01,3.177465727164001108e-01,3.165092536983484250e-01,3.685830625420238316e-01,3.708898032689202928e-01,0.000000000000000000e+00,3.396348246475466848e-01,3.040390074539424670e-01,3.327117527764312244e-01,2.469648373668494323e-01,1.445750437394146548e-01,3.702147178771368896e-01
1.253895235671285413e-01,1.999398438304643977e-01,2.853073170979356643e-01,3.389991867905501333e-01,2.718062364035660483e-01,3.466393200038266897e-01,2.712916577799755480e-01,8.718137036069216472e-02,3.203884420051977822e-01,3.186711916676402967e-01,3.179550934287410646e-01,3.608524603320151791e-01,3.396348246475466848e-01,0.000000000000000000e+00,3.048872456938563902e-01,3.355155994535269359e-01,3.130335641634859334e-01,2.847893898320701944e-01,3.074227699603248043e-01
2.734529086898657702e-01,2.925523585083440459e-01,3.028815460155536154e-01,3.005831405307076154e-01,3.034406603825191562e-01,3.012625458343662355e-01,3.049335768124904478e-01,3.024627230955210799e-01,2.788280374051080868e-01,2.658390926614652150e-01,2.619790326288534699e-01,2.449236850023473189e-01,3.040390074539424670e-01,3.048872456938563902e-01,0.000000000000000000e+00,2.985337757966641248e-01,3.049669967533839010e-01,3.035812703974217763e-01,3.049240106882116774e-01
2.554187926492098581e-01,2.869263362945145834e-01,2.935800151041846884e-01,3.234003340213158495e-01,3.529471966683669915e-01,3.181524470544711547e-01,3.256762634181432081e-01,3.119396789050547514e-01,3.119752618839352620e-01,3.115830966834183258e-01,3.467865166936732191e-01,3.464642109814085602e-01,3.327117527764312244e-01,3.355155994535269359e-01,2.985337757966641248e-01,0.000000000000000000e+00,3.528782013996199507e-01,3.474116461413020440e-01,3.448628707682823702e-01
2.217807107532697164e-01,2.612291076607450302e-01,1.731601054589703981e-01,3.479553099023005580e-01,3.536482346916722808e-01,4.857958177272991146e-02,3.032680269956707364e-01,2.753512237108388105e-01,3.211752497575409704e-01,3.190197166791001182e-01,3.544937013935159920e-01,3.547735568251198512e-01,2.469648373668494323e-01,3.130335641634859334e-01,3.049669967533839010e-01,3.528782013996199507e-01,0.000000000000000000e+00,2.547045773029216198e-01,3.184682530168174708e-01
2.049520017144136064e-01,2.451772580384617983e-01,2.866796059238966299e-01,3.242452974587600179e-01,3.070545067493394287e-01,1.018260733047131467e-01,2.814324004064945872e-01,2.469938213952078410e-01,3.217614363528861210e-01,3.187878429981165773e-01,3.473081586886642147e-01,3.472590227129732643e-01,1.445750437394146548e-01,2.847893898320701944e-01,3.035812703974217763e-01,3.474116461413020440e-01,2.547045773029216198e-01,0.000000000000000000e+00,2.568674764112587328e-01
1.897398736418201004e-01,2.416843475247615336e-01,2.701779987163461794e-01,3.542245240073539359e-01,1.280744027261161433e-01,3.687543109847077893e-01,2.937969164058215066e-01,2.404430025818949934e-01,3.210627075292722399e-01,3.190085564718592726e-01,3.687670716293553475e-01,3.707193974541868053e-01,3.702147178771368896e-01,3.074227699603248043e-01,3.049240106882116774e-01,3.448628707682823702e-01,3.184682530168174708e-01,2.568674764112587328e-01,0.000000000000000000e+00
