0.000000000000000000e+00,4.180338869205807439e-02,3.502797937078483415e-01,2.145548843296847252e-01,6.631944315633347443e-03,4.289234535895008332e-02,2.348402019031665261e-02,1.414091536890123846e-01,5.092186522556056694e-02,4.881556129891955614e-02,1.926296589030464246e-01,3.795722048459563257e-03,2.963215232969089105e-02,6.572598408835647610e-02,4.089396355688607737e-02,4.560054285264391119e-03,2.732174567193313419e-01,1.886809254174149145e-02,1.816072272987517555e-01
4.180338869205807439e-02,0.000000000000000000e+00,1.583361540454805427e-01,3.168196232104484311e-01,2.970330527808078686e-03,2.224494422118258180e-02,1.427147840131794999e-02,9.363536205647234045e-02,4.226170697508295493e-02,2.846274491500061857e-02,6.162096168508653798e-02,1.934306938812620918e-02,3.588379166003651671e-02,1.200131519706342659e-01,3.159493811631406551e-02,5.329291905277950582e-03,2.880800569053272309e-01,2.719258938897987574e-02,1.235219006480994669e-01
3.502797937078483415e-01,1.583361540454805427e-01,0.000000000000000000e+00,7.669893089395837631e-03,2.081474922351330414e-01,3.530074840349332454e-03,1.386087436071644328e-02,7.291863374045666826e-03,1.147707819623096197e-02,2.087550258246830340e-02,2.352223364684868576e-02,4.251825712892612873e-03,3.216321339408793195e-02,4.090700556642095503e-02,3.462879594750527257e-02,5.726185304716884493e-03,3.462799920234191364e-02,1.249473376950424042e-01,3.217098305874147458e-03
2.145548843296847252e-01,3.168196232104484311e-01,7.669893089395837631e-03,0.000000000000000000e+00,1.283484082884554789e-01,2.835071857535524306e-02,1.901741006306062465e-02,9.425649442435679592e-03,4.476558857683988341e-02,4.626998666050347042e-02,1.245710798181342421e-02,1.088122932697005996e-01,2.207267434871442932e-02,2.210871622408672466e-01,2.121925569460714547e-02,2.661858026932053048e-02,1.237657370971717227e-02,1.953823400303298929e-01,3.491521719007493335e-02
6.631944315633347443e-03,2.970330527808078686e-03,2.081474922351330414e-01,1.283484082884554789e-01,0.000000000000000000e+00,2.468015574350305996e-02,1.339295875318517043e-02,1.991817061527218283e-02,4.243029788153594717e-02,6.507495514417604727e-04,4.027181329369633467e-02,2.180069810266562977e-02,5.385770448153950202e-02,1.847091858903026629e-01,8.889456137576666472e-02,9.433628409808289539e-02,2.046411601964572835e-01,3.219744742675344218e-02,2.721509284838551437e-02
4.289234535895008332e-02,2.224494422118258180e-02,3.530074840349332454e-03,2.835071857535524306e-02,2.468015574350305996e-02,0.000000000000000000e+00,1.998502061413030481e-02,5.046417227995261649e-03,7.688088050128095291e-03,-1.932112528721288908e-03,7.706805733306747522e-03,6.142093537681926271e-03,3.728338740617651026e-02,3.276763442442066909e-02,1.262556428735494250e-02,1.608854238171703770e-03,1.069262274936880371e-02,4.489601115764087214e-02,5.308839269176294194e-03
2.348402019031665261e-02,1.427147840131794999e-02,1.386087436071644328e-02,1.901741006306062465e-02,1.339295875318517043e-02,1.998502061413030481e-02,0.000000000000000000e+00,-2.709094910837626241e-03,1.316829827958226028e-02,4.785377434727872831e-02,4.169345451181784290e-03,3.951935693212061708e-03,1.927360454817990051e-02,2.636592940820940006e-02,1.237274700168314312e-02,1.651473228573980580e-03,1.207725965529248685e-02,5.234995344848250749e-03,4.056045082892536895e-03
1.414091536890123846e-01,9.363536205647234045e-02,7.291863374045666826e-03,9.425649442435679592e-03,1.991817061527218283e-02,5.046417227995261649e-03,-2.709094910837626241e-03,0.000000000000000000e+00,6.596315909545974465e-02,3.360319087242689268e-03,3.908570929134914940e-02,2.187317202012188655e-02,1.786157018835677485e-02,1.127413349435629243e-02,8.587250466926153389e-03,1.153819612586258203e-01,2.587614034734119980e-02,3.917216035605793761e-02,2.125664964880552218e-02
5.092186522556056694e-02,4.226170697508295493e-02,1.147707819623096197e-02,4.476558857683988341e-02,4.243029788153594717e-02,7.688088050128095291e-03,1.316829827958226028e-02,6.596315909545974465e-02,0.000000000000000000e+00,5.274561890917249529e-02,9.102210544180491802e-03,8.782411787200393796e-03,1.246144853296777232e-02,3.331780573196903295e-02,6.641235238881336433e-02,1.642052720814935959e-02,5.140788379472566866e-02,1.148953640827160214e-02,8.308631826867027281e-02
4.881556129891955614e-02,2.846274491500061857e-02,2.087550258246830340e-02,4.626998666050347042e-02,6.507495514417604727e-04,-1.932112528721288908e-03,4.785377434727872831e-02,3.360319087242689268e-03,5.274561890917249529e-02,0.000000000000000000e+00,2.808082309494801948e-02,3.172927310128089307e-03,7.155119780832323861e-02,3.586801932353412409e-02,8.498184869257630059e-03,5.580720862616773276e-02,6.887069289520424131e-02,2.726075717592348416e-02,7.075669570696470345e-02
1.926296589030464246e-01,6.162096168508653798e-02,2.352223364684868576e-02,1.245710798181342421e-02,4.027181329369633467e-02,7.706805733306747522e-03,4.169345451181784290e-03,3.908570929134914940e-02,9.102210544180491802e-03,2.808082309494801948e-02,0.000000000000000000e+00,1.622906228810825149e-02,1.250586196292573574e-02,5.263942203149218901e-02,2.003155642751397198e-03,2.736376797015337495e-02,2.654154397535337176e-02,3.897495222676160276e-02,5.254252012553731199e-02
3.795722048459563257e-03,1.934306938812620918e-02,4.251825712892612873e-03,1.088122932697005996e-01,2.180069810266562977e-02,6.142093537681926271e-03,3.951935693212061708e-03,2.187317202012188655e-02,8.782411787200393796e-03,3.172927310128089307e-03,1.622906228810825149e-02,0.000000000000000000e+00,2.928472214274635901e-03,3.363593973456407288e-03,5.652956137561860120e-03,-5.824355483323950984e-03,5.063589774603928506e-02,9.504246324342904145e-03,5.167438757050763637e-02
2.963215232969089105e-02,3.588379166003651671e-02,3.216321339408793195e-02,2.207267434871442932e-02,5.385770448153950202e-02,3.728338740617651026e-02,1.927360454817990051e-02,1.786157018835677485e-02,1.246144853296777232e-02,7.155119780832323861e-02,1.250586196292573574e-02,2.928472214274635901e-03,0.000000000000000000e+00,7.473780439320640290e-02,1.252284736522297215e-01,3.267271651267501104e-02,5.877510276843952997e-03,1.073376820671147341e-01,6.834528156260676057e-02
6.572598408835647610e-02,1.200131519706342659e-01,4.090700556642095503e-02,2.210871622408672466e-01,1.847091858903026629e-01,3.276763442442066909e-02,2.636592940820940006e-02,1.127413349435629243e-02,3.331780573196903295e-02,3.586801932353412409e-02,5.263942203149218901e-02,3.363593973456407288e-03,7.473780439320640290e-02,0.000000000000000000e+00,4.152957229810971124e-02,3.811542290423387130e-02,2.166433065032257188e-01,1.059939672548376732e-01,5.239697587502678555e-02
4.089396355688607737e-02,3.159493811631406551e-02,3.462879594750527257e-02,2.121925569460714547e-02,8.889456137576666472e-02,1.262556428735494250e-02,1.237274700168314312e-02,8.587250466926153389e-03,6.641235238881336433e-02,8.498184869257630059e-03,2.003155642751397198e-03,5.652956137561860120e-03,1.252284736522297215e-01,4.152957229810971124e-02,0.000000000000000000e+00,2.816924705365373219e-02,4.432659222427315533e-03,1.047271683773053491e-01,2.085227594118029774e-03
4.560054285264391119e-03,5.329291905277950582e-03,5.726185304716884493e-03,2.661858026932053048e-02,9.433628409808289539e-02,1.608854238171703770e-03,1.651473228573980580e-03,1.153819612586258203e-01,1.642052720814935959e-02,5.580720862616773276e-02,2.736376797015337495e-02,-5.824355483323950984e-03,3.267271651267501104e-02,3.811542290423387130e-02,2.816924705365373219e-02,0.000000000000000000e+00,2.244395917469331134e-02,5.537963994086521347e-02,2.318738647160738936e-02
2.732174567193313419e-01,2.880800569053272309e-01,3.462799920234191364e-02,1.237657370971717227e-02,2.046411601964572835e-01,1.069262274936880371e-02,1.207725965529248685e-02,2.587614034734119980e-02,5.140788379472566866e-02,6.887069289520424131e-02,2.654154397535337176e-02,5.063589774603928506e-02,5.877510276843952997e-03,2.166433065032257188e-01,4.432659222427315533e-03,2.244395917469331134e-02,0.000000000000000000e+00,2.116992041735434038e-01,3.680463661535168796e-02
1.886809254174149145e-02,2.719258938897987574e-02,1.249473376950424042e-01,1.953823400303298929e-01,3.219744742675344218e-02,4.489601115764087214e-02,5.234995344848250749e-03,3.917216035605793761e-02,1.148953640827160214e-02,2.726075717592348416e-02,3.897495222676160276e-02,9.504246324342904145e-03,1.073376820671147341e-01,1.059939672548376732e-01,1.047271683773053491e-01,5.537963994086521347e-02,2.116992041735434038e-01,0.000000000000000000e+00,2.030735672832198122e-02
1.816072272987517555e-01,1.235219006480994669e-01,3.217098305874147458e-03,3.491521719007493335e-02,2.721509284838551437e-02,5.308839269176294194e-03,4.056045082892536895e-03,2.125664964880552218e-02,8.308631826867027281e-02,7.075669570696470345e-02,5.254252012553731199e-02,5.167438757050763637e-02,6.834528156260676057e-02,5.239697587502678555e-02,2.085227594118029774e-03,2.318738647160738936e-02,3.680463661535168796e-02,2.030735672832198122e-02,0.000000000000000000e+00
