0.000000000000000000e+00,3.587501259079702021e-02,1.222659683901267669e-01,1.121416626180611331e-01,1.505173832349372964e-01,2.399611501693602739e-02,1.631367892296445299e-01,1.291908585849423641e-01,8.423792911855719490e-02,9.985310409251915709e-02,8.046751788881072176e-02,2.860249722443747311e-02,7.560274557701004983e-02,7.231565331381617501e-02,5.707259389402569161e-02,7.390433625881555335e-02,1.704561167093669449e-01,7.662032847422781123e-02,6.582751514710619145e-02
3.587501259079702021e-02,0.000000000000000000e+00,9.879287338536582586e-02,1.159305555781505737e-01,1.363684304886709775e-01,3.841869098550557832e-02,1.127926469617529237e-01,1.296308589556352531e-01,9.043271769784293201e-02,8.866027419551628097e-02,4.000480100569607511e-02,4.912132464358931472e-02,7.683552883246776155e-02,1.135874455311496195e-01,9.985397335327211854e-02,9.411569269893778344e-02,1.797483638321390742e-01,9.716911833621856565e-02,7.078720345870079256e-02
1.222659683901267669e-01,9.879287338536582586e-02,0.000000000000000000e+00,2.451888244619551335e-02,4.353092288760936762e-02,4.792507155274466912e-02,2.296707851959621793e-01,1.150385724674090615e-01,8.040226448376357193e-02,1.580771796586993849e-01,2.021525144461669768e-02,5.253131437764984452e-02,1.370799413262682453e-01,8.182526855393822129e-02,3.270115029761241909e-02,2.965174482273402398e-02,4.301048803147393407e-02,1.055527594111655698e-01,6.753067603381091022e-02
1.121416626180611331e-01,1.159305555781505737e-01,2.451888244619551335e-02,0.000000000000000000e+00,7.987474336748941195e-02,1.543969379193303737e-01,1.282736936216896939e-01,9.708583325336271608e-02,1.251462672983196245e-01,1.490433876347765085e-01,2.822590014046197360e-02,7.638427541464880288e-02,1.214846148816846882e-01,1.521026678558042855e-01,6.361189150174814677e-02,6.742627008381381348e-02,7.957075453814416166e-02,1.617930359444804955e-01,7.804387835133792806e-02
1.505173832349372964e-01,1.363684304886709775e-01,4.353092288760936762e-02,7.987474336748941195e-02,0.000000000000000000e+00,7.775945365101402662e-02,1.278728443670434367e-01,9.322183244999024399e-02,4.054255468014832803e-02,1.786327126941722465e-01,1.636667896145617140e-01,6.959068339304390338e-02,5.057595331790660370e-02,5.978525284134085516e-02,6.043910837803440766e-02,8.237671139207805582e-02,1.293240423924711113e-01,1.775093976666478335e-01,1.634427125280689952e-01
2.399611501693602739e-02,3.841869098550557832e-02,4.792507155274466912e-02,1.543969379193303737e-01,7.775945365101402662e-02,0.000000000000000000e+00,7.490677699029321679e-02,1.151247040088004270e-01,8.612843212508387858e-02,1.516806656275047904e-01,1.227465333766166733e-01,5.883554101362466898e-02,4.154356358457529826e-03,2.392257144465273835e-02,3.430502993360157876e-02,7.153841902521987373e-02,1.977019207869362138e-01,6.372877205171284531e-02,4.675999566856053891e-02
1.631367892296445299e-01,1.127926469617529237e-01,2.296707851959621793e-01,1.282736936216896939e-01,1.278728443670434367e-01,7.490677699029321679e-02,0.000000000000000000e+00,2.303103775129507896e-02,7.803035400018358547e-02,5.102352718931407044e-02,2.386788161621385823e-02,2.705083561922123209e-02,6.674892415862493378e-02,1.381385421439122463e-01,2.005911580182160037e-01,1.399277044932337177e-01,1.281949053706511465e-01,8.434722550105165639e-02,6.530263087445527248e-02
1.291908585849423641e-01,1.296308589556352531e-01,1.150385724674090615e-01,9.708583325336271608e-02,9.322183244999024399e-02,1.151247040088004270e-01,2.303103775129507896e-02,0.000000000000000000e+00,9.314092558433285929e-02,1.733336348955934192e-01,7.328756526026061757e-02,1.282057015491935015e-01,4.855800371585831249e-02,8.021916504221358879e-02,1.429230031892493868e-01,2.217997723754601136e-01,6.083348930201767230e-02,8.043002235787420628e-02,6.655566508200207176e-02
8.423792911855719490e-02,9.043271769784293201e-02,8.040226448376357193e-02,1.251462672983196245e-01,4.054255468014832803e-02,8.612843212508387858e-02,7.803035400018358547e-02,9.314092558433285929e-02,0.000000000000000000e+00,1.171570304908006732e-02,4.142708910308973147e-02,4.338916123542493897e-02,3.254557076998845777e-02,7.366896148667953503e-02,3.875155330523724628e-02,1.207605297923528415e-01,1.105709920984598027e-01,1.208473823476460818e-01,1.638690947323352340e-02
9.985310409251915709e-02,8.866027419551628097e-02,1.580771796586993849e-01,1.490433876347765085e-01,1.786327126941722465e-01,1.516806656275047904e-01,5.102352718931407044e-02,1.733336348955934192e-01,1.171570304908006732e-02,0.000000000000000000e+00,4.400697539144132059e-02,2.281319472938376364e-02,5.501733094459496792e-02,1.087086876913941902e-01,4.777862910450730860e-02,2.243873713867905462e-01,1.497473695060932697e-01,1.488929370566486332e-01,2.177634918497867167e-02
8.046751788881072176e-02,4.000480100569607511e-02,2.021525144461669768e-02,2.822590014046197360e-02,1.636667896145617140e-01,1.227465333766166733e-01,2.386788161621385823e-02,7.328756526026061757e-02,4.142708910308973147e-02,4.400697539144132059e-02,0.000000000000000000e+00,1.991796959449669557e-02,1.276437896984344011e-01,7.031913119371098475e-02,1.118238442416654294e-01,8.881960977451400230e-02,2.950776728782770336e-02,7.888856464598782703e-02,4.348116187485059903e-02
2.860249722443747311e-02,4.912132464358931472e-02,5.253131437764984452e-02,7.638427541464880288e-02,6.959068339304390338e-02,5.883554101362466898e-02,2.705083561922123209e-02,1.282057015491935015e-01,4.338916123542493897e-02,2.281319472938376364e-02,1.991796959449669557e-02,0.000000000000000000e+00,9.600306429633405358e-02,7.261922900642085732e-02,9.962249357159777552e-02,8.825419983650752143e-02,7.843579145636821182e-02,9.805967778700297455e-02,6.284508600574215120e-02
7.560274557701004983e-02,7.683552883246776155e-02,1.370799413262682453e-01,1.214846148816846882e-01,5.057595331790660370e-02,4.154356358457529826e-03,6.674892415862493378e-02,4.855800371585831249e-02,3.254557076998845777e-02,5.501733094459496792e-02,1.276437896984344011e-01,9.600306429633405358e-02,0.000000000000000000e+00,4.201936677196625725e-02,3.759847682836282151e-02,1.772940586907385818e-02,2.357123717359707604e-01,1.483403265831222291e-02,5.213302781326805552e-02
7.231565331381617501e-02,1.135874455311496195e-01,8.182526855393822129e-02,1.521026678558042855e-01,5.978525284134085516e-02,2.392257144465273835e-02,1.381385421439122463e-01,8.021916504221358879e-02,7.366896148667953503e-02,1.087086876913941902e-01,7.031913119371098475e-02,7.261922900642085732e-02,4.201936677196625725e-02,0.000000000000000000e+00,9.810272381816918449e-03,7.133539198408883619e-02,1.706512328797782918e-01,2.544212955040593346e-02,6.439776609762346005e-02
5.707259389402569161e-02,9.985397335327211854e-02,3.270115029761241909e-02,6.361189150174814677e-02,6.043910837803440766e-02,3.430502993360157876e-02,2.005911580182160037e-01,1.429230031892493868e-01,3.875155330523724628e-02,4.777862910450730860e-02,1.118238442416654294e-01,9.962249357159777552e-02,3.759847682836282151e-02,9.810272381816918449e-03,0.000000000000000000e+00,3.863445729562356434e-02,5.021823897534943848e-02,7.066728451063336580e-02,7.247597772563582619e-02
7.390433625881555335e-02,9.411569269893778344e-02,2.965174482273402398e-02,6.742627008381381348e-02,8.237671139207805582e-02,7.153841902521987373e-02,1.399277044932337177e-01,2.217997723754601136e-01,1.207605297923528415e-01,2.243873713867905462e-01,8.881960977451400230e-02,8.825419983650752143e-02,1.772940586907385818e-02,7.133539198408883619e-02,3.863445729562356434e-02,0.000000000000000000e+00,2.955985485720505346e-02,5.265932488657340538e-02,1.311415174162171571e-01
1.704561167093669449e-01,1.797483638321390742e-01,4.301048803147393407e-02,7.957075453814416166e-02,1.293240423924711113e-01,1.977019207869362138e-01,1.281949053706511465e-01,6.083348930201767230e-02,1.105709920984598027e-01,1.497473695060932697e-01,2.950776728782770336e-02,7.843579145636821182e-02,2.357123717359707604e-01,1.706512328797782918e-01,5.021823897534943848e-02,2.955985485720505346e-02,0.000000000000000000e+00,2.554967622910854774e-01,9.300786726472005939e-02
7.662032847422781123e-02,9.716911833621856565e-02,1.055527594111655698e-01,1.617930359444804955e-01,1.775093976666478335e-01,6.372877205171284531e-02,8.434722550105165639e-02,8.043002235787420628e-02,1.208473823476460818e-01,1.488929370566486332e-01,7.888856464598782703e-02,9.805967778700297455e-02,1.483403265831222291e-02,2.544212955040593346e-02,7.066728451063336580e-02,5.265932488657340538e-02,2.554967622910854774e-01,0.000000000000000000e+00,1.199400660542940533e-01
6.582751514710619145e-02,7.078720345870079256e-02,6.753067603381091022e-02,7.804387835133792806e-02,1.634427125280689952e-01,4.675999566856053891e-02,6.530263087445527248e-02,6.655566508200207176e-02,1.638690947323352340e-02,2.177634918497867167e-02,4.348116187485059903e-02,6.284508600574215120e-02,5.213302781326805552e-02,6.439776609762346005e-02,7.247597772563582619e-02,1.311415174162171571e-01,9.300786726472005939e-02,1.199400660542940533e-01,0.000000000000000000e+00
