0.000000000000000000e+00,2.749321505228302653e-01,2.409317092485391554e-01,2.179817059050167261e-01,2.651625933849194316e-01,-9.210251476981300839e-03,-5.594739269811610169e-03,-1.315440430629691380e-03,1.152536844735250615e-01,9.712153823979316480e-02,5.440412577225335611e-02,1.175864287843978728e-01,2.841322089039647336e-01,7.325327905286342645e-02,5.703138814887531716e-02,1.694662110346644157e-01,3.924001666211732187e-01,2.471438737135171204e-01,7.292045554003041830e-03
2.749321505228302653e-01,0.000000000000000000e+00,2.352052578865915788e-01,2.144090560947074786e-01,4.991717134802423073e-02,1.750464053800940972e-02,1.119714384960814602e-01,8.819902590192175984e-02,-6.971259051182759469e-04,5.541277171264746837e-02,2.961303498285804414e-01,1.707488591641623255e-01,9.819791355411475881e-03,1.806405318318604902e-01,1.111590045123454773e-01,2.673096080445561684e-01,2.496268637063339124e-01,6.416199838796145423e-03,1.901084874662897217e-01
2.409317092485391554e-01,2.352052578865915788e-01,0.000000000000000000e+00,1.178751239238863963e-01,2.843301280191609104e-01,3.540170479658811403e-02,1.606899580807071848e-01,8.946089266383049077e-02,1.989897774703059397e-01,2.446996353548596959e-01,2.767518807626780930e-01,1.473973247882510128e-02,3.464939690183817533e-01,-7.114422434865333433e-03,9.164476855669301258e-02,2.336036187417098869e-02,2.862285960171394583e-01,3.144434834294392855e-01,1.229991233950351176e-01
2.179817059050167261e-01,2.144090560947074786e-01,1.178751239238863963e-01,0.000000000000000000e+00,6.930158030217545284e-02,1.377922101692986567e-01,1.348698067550716251e-01,1.129864131741311201e-01,1.090672964315839502e-02,9.230532986095542347e-02,2.260943284712979562e-01,-1.681972253122303654e-02,1.812027436071328712e-01,1.267484128048390613e-01,8.398384143637409316e-02,7.405204934038381315e-02,2.106027395792841109e-02,2.216033673833703865e-01,2.034974100151928644e-01
2.651625933849194316e-01,4.991717134802423073e-02,2.843301280191609104e-01,6.930158030217545284e-02,0.000000000000000000e+00,6.750848246685706155e-02,1.642586817910847707e-01,1.427082956753508713e-01,1.654839611803276753e-02,1.105164650878903976e-01,2.230443185056711353e-01,6.313020841591721055e-02,4.991087655167904258e-02,2.228709605564650753e-01,1.630440659286329086e-01,1.728345622594169018e-01,2.111333837527955559e-01,2.977618730928813240e-02,2.553831216413472993e-01
-9.210251476981300839e-03,1.750464053800940972e-02,3.540170479658811403e-02,1.377922101692986567e-01,6.750848246685706155e-02,0.000000000000000000e+00,-1.748220864115334477e-02,-1.003909377447045025e-02,-1.497046474049556521e-02,-2.781384441066304253e-02,-6.166556638216259476e-03,-2.247407706462496019e-03,6.258715403626696760e-02,7.168877785110797270e-03,-2.919546253305544889e-02,-1.225183869600902919e-02,1.548966707089654282e-01,1.051108410691938000e-01,-1.700478273627317738e-02
-5.594739269811610169e-03,1.119714384960814602e-01,1.606899580807071848e-01,1.348698067550716251e-01,1.642586817910847707e-01,-1.748220864115334477e-02,0.000000000000000000e+00,-1.769681789731103114e-02,1.735136208613211398e-02,2.870387790727699229e-02,-1.444303684473787798e-02,5.130623636840340313e-02,1.673102759927159178e-01,1.034916012599536306e-01,-1.574422422926071569e-02,1.094949189891881725e-01,2.942863526255867224e-01,2.136736304930622055e-01,3.423183735453794868e-02
-1.315440430629691380e-03,8.819902590192175984e-02,8.946089266383049077e-02,1.129864131741311201e-01,1.427082956753508713e-01,-1.003909377447045025e-02,-1.769681789731103114e-02,0.000000000000000000e+00,-7.770869784708270278e-03,1.303517670953726303e-02,-2.035449918514939394e-02,4.415873403796077151e-02,9.612141978140084642e-02,6.865520953400525150e-02,-2.239838047272688787e-02,1.788687163692768423e-01,2.612878623052260485e-01,1.292429272497213344e-01,-6.823522138265698637e-03
1.152536844735250615e-01,-6.971259051182759469e-04,1.989897774703059397e-01,1.090672964315839502e-02,1.654839611803276753e-02,-1.497046474049556521e-02,1.735136208613211398e-02,-7.770869784708270278e-03,0.000000000000000000e+00,3.821908644428791135e-02,1.247334225712465050e-01,5.347610810708156720e-02,2.477145519596640061e-02,1.555555802365203022e-01,1.528152091530702791e-02,8.232908639581419663e-02,1.980913004509451680e-01,-7.722042047945337946e-03,5.935515224392871186e-02
9.712153823979316480e-02,5.541277171264746837e-02,2.446996353548596959e-01,9.230532986095542347e-02,1.105164650878903976e-01,-2.781384441066304253e-02,2.870387790727699229e-02,1.303517670953726303e-02,3.821908644428791135e-02,0.000000000000000000e+00,9.529664817604757698e-02,1.109686042839080899e-01,9.452181999295104775e-02,1.900101576054899766e-01,7.867237705781338769e-03,1.772125753661524250e-01,2.984026481570507539e-01,6.373517921337604197e-02,1.132776570427029839e-01
5.440412577225335611e-02,2.961303498285804414e-01,2.767518807626780930e-01,2.260943284712979562e-01,2.230443185056711353e-01,-6.166556638216259476e-03,-1.444303684473787798e-02,-2.035449918514939394e-02,1.247334225712465050e-01,9.529664817604757698e-02,0.000000000000000000e+00,1.062935970884701653e-01,3.398212321950794257e-01,1.722480486331694760e-01,6.505296659354037336e-02,2.013254751435727408e-01,3.642313351815570366e-01,2.251519349319515140e-01,1.236003870542244296e-02
1.175864287843978728e-01,1.707488591641623255e-01,1.473973247882510128e-02,-1.681972253122303654e-02,6.313020841591721055e-02,-2.247407706462496019e-03,5.130623636840340313e-02,4.415873403796077151e-02,5.347610810708156720e-02,1.109686042839080899e-01,1.062935970884701653e-01,0.000000000000000000e+00,1.181577080736490454e-01,4.992047506266236029e-02,1.668352533107594557e-02,1.330643115679392419e-01,-2.119964937139597744e-02,1.395480708845712181e-01,9.519674260426846946e-02
2.841322089039647336e-01,9.819791355411475881e-03,3.464939690183817533e-01,1.812027436071328712e-01,4.991087655167904258e-02,6.258715403626696760e-02,1.673102759927159178e-01,9.612141978140084642e-02,2.477145519596640061e-02,9.452181999295104775e-02,3.398212321950794257e-01,1.181577080736490454e-01,0.000000000000000000e+00,2.990802620827490710e-01,1.953462900924245182e-01,2.530111552188396007e-01,2.635434841767024250e-01,2.942006407576525789e-02,2.203605679425929831e-01
7.325327905286342645e-02,1.806405318318604902e-01,-7.114422434865333433e-03,1.267484128048390613e-01,2.228709605564650753e-01,7.168877785110797270e-03,1.034916012599536306e-01,6.865520953400525150e-02,1.555555802365203022e-01,1.900101576054899766e-01,1.722480486331694760e-01,4.992047506266236029e-02,2.990802620827490710e-01,0.000000000000000000e+00,2.123151486231631985e-03,9.217240949457501664e-02,2.124503725303897583e-01,2.899666993525995551e-01,4.577492022819129591e-02
5.703138814887531716e-02,1.111590045123454773e-01,9.164476855669301258e-02,8.398384143637409316e-02,1.630440659286329086e-01,-2.919546253305544889e-02,-1.574422422926071569e-02,-2.239838047272688787e-02,1.528152091530702791e-02,7.867237705781338769e-03,6.505296659354037336e-02,1.668352533107594557e-02,1.953462900924245182e-01,2.123151486231631985e-03,0.000000000000000000e+00,1.109907920193512788e-02,1.348600929113527580e-01,1.175681646532023700e-01,-2.921944107522201489e-02
1.694662110346644157e-01,2.673096080445561684e-01,2.336036187417098869e-02,7.405204934038381315e-02,1.728345622594169018e-01,-1.225183869600902919e-02,1.094949189891881725e-01,1.788687163692768423e-01,8.232908639581419663e-02,1.772125753661524250e-01,2.013254751435727408e-01,1.330643115679392419e-01,2.530111552188396007e-01,9.217240949457501664e-02,1.109907920193512788e-02,0.000000000000000000e+00,1.336375330457988952e-01,2.200953641365820945e-01,1.931870306241465496e-01
3.924001666211732187e-01,2.496268637063339124e-01,2.862285960171394583e-01,2.106027395792841109e-02,2.111333837527955559e-01,1.548966707089654282e-01,2.942863526255867224e-01,2.612878623052260485e-01,1.980913004509451680e-01,2.984026481570507539e-01,3.642313351815570366e-01,-2.119964937139597744e-02,2.635434841767024250e-01,2.124503725303897583e-01,1.348600929113527580e-01,1.336375330457988952e-01,0.000000000000000000e+00,3.506993951563489587e-01,3.520572614972409808e-01
2.471438737135171204e-01,6.416199838796145423e-03,3.144434834294392855e-01,2.216033673833703865e-01,2.977618730928813240e-02,1.051108410691938000e-01,2.136736304930622055e-01,1.292429272497213344e-01,-7.722042047945337946e-03,6.373517921337604197e-02,2.251519349319515140e-01,1.395480708845712181e-01,2.942006407576525789e-02,2.899666993525995551e-01,1.175681646532023700e-01,2.200953641365820945e-01,3.506993951563489587e-01,0.000000000000000000e+00,2.954875834428034587e-01
7.292045554003041830e-03,1.901084874662897217e-01,1.229991233950351176e-01,2.034974100151928644e-01,2.553831216413472993e-01,-1.700478273627317738e-02,3.423183735453794868e-02,-6.823522138265698637e-03,5.935515224392871186e-02,1.132776570427029839e-01,1.236003870542244296e-02,9.519674260426846946e-02,2.203605679425929831e-01,4.577492022819129591e-02,-2.921944107522201489e-02,1.931870306241465496e-01,3.520572614972409808e-01,2.954875834428034587e-01,0.000000000000000000e+00
