0.000000000000000000e+00,3.162492610015103789e-02,3.579769671528655606e-02,2.142588971331368247e-02,7.081472717738684919e-02,4.473677425268339503e-02,4.306531116529577208e-02,2.158950896596334088e-02,2.209130914903152665e-02,2.874931477014879423e-05,8.607587003024096475e-03,5.041706160904902215e-03,4.699166630267097994e-02,4.887081233282462162e-02,4.993403335228094320e-02,4.280793549277817078e-02,3.040103080358826093e-02,9.569990734418684641e-02,6.687890012346521529e-02
3.162492610015103789e-02,0.000000000000000000e+00,8.592182583069627594e-03,4.735778747093168095e-02,4.612990665687061176e-02,1.071257264530336463e-02,2.571579242114365588e-02,7.345744554698882718e-03,1.809390753831435078e-02,7.498065383237665282e-04,1.769367317575390669e-03,3.894662393121462590e-02,8.877992273286609837e-03,2.645867542496438060e-02,1.618463575335492635e-02,2.626911406188636028e-02,1.131217110991743387e-02,7.076140107811944302e-02,3.890104944096565293e-02
3.579769671528655606e-02,8.592182583069627594e-03,0.000000000000000000e+00,-7.857748798113049077e-03,-2.850400649430455055e-03,1.607103820064116270e-02,1.416693004022099092e-02,2.596489265846815830e-02,6.613235792390062713e-03,2.211023686600916208e-02,5.619595727099233051e-02,5.089925875702717289e-03,1.165986796551024551e-01,3.065026068361339368e-02,6.628068330674127817e-02,5.596846010334648007e-03,3.671900016398355060e-02,3.061539313299452281e-02,1.174074287091962827e-02
2.142588971331368247e-02,4.735778747093168095e-02,-7.857748798113049077e-03,0.000000000000000000e+00,3.915887884172625233e-02,6.036029970746548297e-03,1.572572142128368655e-02,-9.738320072051802421e-04,1.962876178531344773e-02,2.705182087877829045e-02,3.100163322669710359e-03,2.041948465738648369e-02,1.969052228941273186e-02,4.507516956423748139e-02,1.518412042655613997e-02,-2.000937386140542334e-04,2.851578396572581123e-02,6.958860103457183144e-02,1.368554310876137631e-02
7.081472717738684919e-02,4.612990665687061176e-02,-2.850400649430455055e-03,3.915887884172625233e-02,0.000000000000000000e+00,3.638771804239473995e-02,5.805527210185961601e-02,3.416380838670746156e-02,6.244709805575235188e-03,3.209241723748058710e-03,5.497421762377183163e-02,3.066941157641822277e-02,4.188567308969994712e-02,2.306621646079832361e-02,3.763884681868837762e-02,5.417842267101233462e-03,1.675615264275387081e-02,4.318317429684959824e-02,4.462040828299435047e-02
4.473677425268339503e-02,1.071257264530336463e-02,1.607103820064116270e-02,6.036029970746548297e-03,3.638771804239473995e-02,0.000000000000000000e+00,5.170043075060797716e-02,3.837495569443719057e-02,1.397759924232865221e-02,1.184887807144491441e-02,4.575653520103069305e-02,3.993451833036250516e-03,9.156680569786372625e-02,1.753722047416348198e-02,2.337662729397904648e-02,2.772057508436895704e-02,2.466050506462893685e-02,2.651805487697187283e-02,4.549098072718979480e-02
4.306531116529577208e-02,2.571579242114365588e-02,1.416693004022099092e-02,1.572572142128368655e-02,5.805527210185961601e-02,5.170043075060797716e-02,0.000000000000000000e+00,5.084032960317831640e-02,1.661215932268372830e-02,1.864168445203255933e-02,5.959478295756005101e-02,2.190212459000372494e-02,2.340501493665993540e-02,1.348916502823743237e-02,7.759406277874413005e-02,7.447180175179125838e-02,8.573604323772921962e-03,1.173824798710293438e-01,5.835792198426770910e-02
2.158950896596334088e-02,7.345744554698882718e-03,2.596489265846815830e-02,-9.738320072051802421e-04,3.416380838670746156e-02,3.837495569443719057e-02,5.084032960317831640e-02,0.000000000000000000e+00,1.288802357728434898e-02,1.890471251437835995e-02,3.348672582002751308e-02,2.471685753564104721e-03,5.870080678776066346e-02,1.549999734057340775e-02,2.702005294587189396e-02,1.188016747431944325e-01,1.983188253394992107e-02,3.481068340027285851e-02,9.210289802391856406e-02
2.209130914903152665e-02,1.809390753831435078e-02,6.613235792390062713e-03,1.962876178531344773e-02,6.244709805575235188e-03,1.397759924232865221e-02,1.661215932268372830e-02,1.288802357728434898e-02,0.000000000000000000e+00,2.797454741206096759e-02,1.925256311862803132e-02,2.659225978226875675e-02,-1.214515930225400393e-03,3.792737880296621206e-03,7.180191704260697333e-03,4.870184477473656764e-02,1.054547230488944026e-02,3.222677583905442927e-02,6.751965559506546699e-02
2.874931477014879423e-05,7.498065383237665282e-04,2.211023686600916208e-02,2.705182087877829045e-02,3.209241723748058710e-03,1.184887807144491441e-02,1.864168445203255933e-02,1.890471251437835995e-02,2.797454741206096759e-02,0.000000000000000000e+00,1.645275003482762899e-02,2.472755046081073077e-03,1.365796128621520576e-02,4.607857059982612552e-03,3.220798952405325155e-02,4.541676326895144333e-02,3.887613815246405286e-02,1.302983651961213754e-02,3.605680505052941826e-02
8.607587003024096475e-03,1.769367317575390669e-03,5.619595727099233051e-02,3.100163322669710359e-03,5.497421762377183163e-02,4.575653520103069305e-02,5.959478295756005101e-02,3.348672582002751308e-02,1.925256311862803132e-02,1.645275003482762899e-02,0.000000000000000000e+00,3.012665257933187270e-03,1.155108856570643064e-02,2.151059854814470901e-02,1.927203795974169465e-02,1.933392905887183766e-02,3.012433248689562817e-02,7.642604968955003797e-02,9.237447482805277721e-02
5.041706160904902215e-03,3.894662393121462590e-02,5.089925875702717289e-03,2.041948465738648369e-02,3.066941157641822277e-02,3.993451833036250516e-03,2.190212459000372494e-02,2.471685753564104721e-03,2.659225978226875675e-02,2.472755046081073077e-03,3.012665257933187270e-03,0.000000000000000000e+00,3.124337548092090411e-02,-4.082323003185296326e-03,2.333287210143377213e-02,1.190451584686362009e-02,3.152310004569617435e-02,1.932677246644484009e-02,1.678617553877912588e-02
4.699166630267097994e-02,8.877992273286609837e-03,1.165986796551024551e-01,1.969052228941273186e-02,4.188567308969994712e-02,9.156680569786372625e-02,2.340501493665993540e-02,5.870080678776066346e-02,-1.214515930225400393e-03,1.365796128621520576e-02,1.155108856570643064e-02,3.124337548092090411e-02,0.000000000000000000e+00,3.647675337746653524e-03,1.018828990148397395e-01,5.524052564667673512e-03,6.791819542673761811e-02,9.878221051613796100e-02,1.030841113982916557e-01
4.887081233282462162e-02,2.645867542496438060e-02,3.065026068361339368e-02,4.507516956423748139e-02,2.306621646079832361e-02,1.753722047416348198e-02,1.348916502823743237e-02,1.549999734057340775e-02,3.792737880296621206e-03,4.607857059982612552e-03,2.151059854814470901e-02,-4.082323003185296326e-03,3.647675337746653524e-03,0.000000000000000000e+00,7.246509432755462478e-03,-5.746923688347212698e-03,2.956386626357948230e-02,3.253121810664451330e-02,2.624091496219135844e-02
4.993403335228094320e-02,1.618463575335492635e-02,6.628068330674127817e-02,1.518412042655613997e-02,3.763884681868837762e-02,2.337662729397904648e-02,7.759406277874413005e-02,2.702005294587189396e-02,7.180191704260697333e-03,3.220798952405325155e-02,1.927203795974169465e-02,2.333287210143377213e-02,1.018828990148397395e-01,7.246509432755462478e-03,0.000000000000000000e+00,1.234881683024159973e-02,3.265082285360738218e-02,5.416718681081433839e-02,9.713612593058008893e-02
4.280793549277817078e-02,2.626911406188636028e-02,5.596846010334648007e-03,-2.000937386140542334e-04,5.417842267101233462e-03,2.772057508436895704e-02,7.447180175179125838e-02,1.188016747431944325e-01,4.870184477473656764e-02,4.541676326895144333e-02,1.933392905887183766e-02,1.190451584686362009e-02,5.524052564667673512e-03,-5.746923688347212698e-03,1.234881683024159973e-02,0.000000000000000000e+00,6.240561654863524023e-03,9.850177009598698463e-03,1.296394042845014916e-01
3.040103080358826093e-02,1.131217110991743387e-02,3.671900016398355060e-02,2.851578396572581123e-02,1.675615264275387081e-02,2.466050506462893685e-02,8.573604323772921962e-03,1.983188253394992107e-02,1.054547230488944026e-02,3.887613815246405286e-02,3.012433248689562817e-02,3.152310004569617435e-02,6.791819542673761811e-02,2.956386626357948230e-02,3.265082285360738218e-02,6.240561654863524023e-03,0.000000000000000000e+00,6.612469255627143050e-02,8.666766898268538771e-03
9.569990734418684641e-02,7.076140107811944302e-02,3.061539313299452281e-02,6.958860103457183144e-02,4.318317429684959824e-02,2.651805487697187283e-02,1.173824798710293438e-01,3.481068340027285851e-02,3.222677583905442927e-02,1.302983651961213754e-02,7.642604968955003797e-02,1.932677246644484009e-02,9.878221051613796100e-02,3.253121810664451330e-02,5.416718681081433839e-02,9.850177009598698463e-03,6.612469255627143050e-02,0.000000000000000000e+00,9.418259728938775666e-02
6.687890012346521529e-02,3.890104944096565293e-02,1.174074287091962827e-02,1.368554310876137631e-02,4.462040828299435047e-02,4.549098072718979480e-02,5.835792198426770910e-02,9.210289802391856406e-02,6.751965559506546699e-02,3.605680505052941826e-02,9.237447482805277721e-02,1.678617553877912588e-02,1.030841113982916557e-01,2.624091496219135844e-02,9.713612593058008893e-02,1.296394042845014916e-01,8.666766898268538771e-03,9.418259728938775666e-02,0.000000000000000000e+00
