0.000000000000000000e+00,-7.785573496352986116e-03,2.060155365329933708e-01,8.486016262267712107e-02,-5.209249839750783664e-03,-1.712056049253015506e-03,7.763164846616980863e-03,3.944899190544449985e-02,3.922272002382015677e-02,4.056659556678001571e-02,5.578770727520537820e-02,4.482280046512671264e-03,-6.708208109148866387e-03,-3.203645446304227706e-03,5.899408892417388334e-02,5.354262886430911916e-02,1.551568090336994110e-01,-9.585863342382408905e-03,1.937344218605520363e-02
-7.785573496352986116e-03,0.000000000000000000e+00,1.009688323562156348e-01,6.974350103418619495e-02,-1.630718498051636489e-02,4.398627683292896662e-03,2.664409000099945968e-02,6.618126138181811002e-02,4.543343727417231692e-02,3.965951138145160787e-02,1.280083516738425228e-02,-1.321292022912010436e-02,4.604471027711419702e-03,3.099547130908693673e-02,7.292291494213849756e-02,9.733863802271355836e-02,1.238636067598661017e-01,-1.251400616829528335e-02,4.985269197131002999e-02
2.060155365329933708e-01,1.009688323562156348e-01,0.000000000000000000e+00,-1.161964141696923691e-02,1.984687423422192704e-02,2.460131324177510306e-02,5.938856641317592951e-03,-7.117151304561472776e-03,-1.046530088885087601e-03,-1.419674766215023309e-02,4.631489386057605073e-02,-1.228280127404479324e-02,4.540923273655471208e-03,-1.593476048183622984e-02,1.522247821011721812e-02,-1.338825757176782469e-02,-1.038415263402471880e-02,5.822028640244205494e-02,-1.439924164289252059e-02
8.486016262267712107e-02,6.974350103418619495e-02,-1.161964141696923691e-02,0.000000000000000000e+00,-1.747843268588276239e-02,-1.529745721031327069e-02,4.346099584357804302e-02,6.262637859184158606e-02,2.026361224505338413e-02,3.805735077162317095e-03,-5.560105101890157851e-03,1.623968443019336086e-02,3.829821495607133724e-02,3.778909944072447735e-02,3.488800105794487294e-02,5.900904623047507208e-02,-1.698884438982863759e-02,-1.465325693937046328e-02,5.333764046411190035e-02
-5.209249839750783664e-03,-1.630718498051636489e-02,1.984687423422192704e-02,-1.747843268588276239e-02,0.000000000000000000e+00,-1.812192941532646609e-02,2.262810083061569423e-03,1.516967689875534965e-02,-2.480179791239162188e-03,2.915646402835838508e-02,2.699790113459931210e-02,-1.740992475748125851e-02,-1.206849535415142373e-02,2.482387738314794506e-02,1.210918407736924496e-02,5.625535500362048580e-02,-1.382122235822603150e-02,-1.904621605747551169e-02,-9.026998817946604164e-03
-1.712056049253015506e-03,4.398627683292896662e-03,2.460131324177510306e-02,-1.529745721031327069e-02,-1.812192941532646609e-02,0.000000000000000000e+00,-4.042717355947175739e-03,9.289921222561031483e-04,-1.441417987090634276e-02,-4.140151401622434862e-03,-3.675676806373851489e-03,-4.478929543428470175e-03,1.649376570169959824e-02,3.477968761597831360e-02,2.237053593921029329e-02,6.535113979754644808e-02,-1.104943905715933226e-02,6.847702050185730353e-03,-7.052282343192722500e-03
7.763164846616980863e-03,2.664409000099945968e-02,5.938856641317592951e-03,4.346099584357804302e-02,2.262810083061569423e-03,-4.042717355947175739e-03,0.000000000000000000e+00,8.471451529858120555e-03,-1.857946966026637059e-02,-1.438221112186290800e-03,-1.165498198414604766e-02,4.961128617832578913e-02,-1.288440530378971369e-02,2.328081593373054758e-02,-1.244670488492686210e-02,2.069567802068605911e-02,3.109429627269379506e-02,4.198641316955015537e-03,-1.222464975375788833e-02
3.944899190544449985e-02,6.618126138181811002e-02,-7.117151304561472776e-03,6.262637859184158606e-02,1.516967689875534965e-02,9.289921222561031483e-04,8.471451529858120555e-03,0.000000000000000000e+00,6.093938117082235532e-03,-1.753937065486654845e-03,-1.120779908502527421e-02,6.308866612087940529e-02,7.939735935401559877e-03,-8.718587136554674984e-04,5.838585991064149452e-03,2.414138211123417060e-02,3.209187235082927581e-02,-9.070445979096380257e-03,1.061597961081348421e-02
3.922272002382015677e-02,4.543343727417231692e-02,-1.046530088885087601e-03,2.026361224505338413e-02,-2.480179791239162188e-03,-1.441417987090634276e-02,-1.857946966026637059e-02,6.093938117082235532e-03,0.000000000000000000e+00,2.563937069289704690e-02,-1.275780555191783315e-02,1.823125479437795807e-02,7.293549634051645254e-03,1.495625139015992547e-02,-1.593020648875531631e-02,-4.129193613265377469e-03,2.376737484014403851e-02,-1.141085122069011165e-02,-1.258235801228579573e-02
4.056659556678001571e-02,3.965951138145160787e-02,-1.419674766215023309e-02,3.805735077162317095e-03,2.915646402835838508e-02,-4.140151401622434862e-03,-1.438221112186290800e-03,-1.753937065486654845e-03,2.563937069289704690e-02,0.000000000000000000e+00,-1.044101743743980348e-02,8.917975501382150935e-03,-5.209146108372662842e-03,-8.210348338241487895e-03,2.508963806275289060e-02,-3.995593101590535004e-03,-7.407293881456896096e-04,-1.496893552739842446e-02,-1.064700578088896912e-02
5.578770727520537820e-02,1.280083516738425228e-02,4.631489386057605073e-02,-5.560105101890157851e-03,2.699790113459931210e-02,-3.675676806373851489e-03,-1.165498198414604766e-02,-1.120779908502527421e-02,-1.275780555191783315e-02,-1.044101743743980348e-02,0.000000000000000000e+00,-1.804796162413500188e-02,-1.973034407486012540e-02,-1.506746283243511411e-02,-1.897514036129817339e-03,-1.393916352670834281e-02,2.692784966646399880e-02,9.624674330774733721e-03,-1.360948861985148382e-02
4.482280046512671264e-03,-1.321292022912010436e-02,-1.228280127404479324e-02,1.623968443019336086e-02,-1.740992475748125851e-02,-4.478929543428470175e-03,4.961128617832578913e-02,6.308866612087940529e-02,1.823125479437795807e-02,8.917975501382150935e-03,-1.804796162413500188e-02,0.000000000000000000e+00,-1.790244624241168385e-03,2.045206960970270826e-02,3.810966849886263108e-02,5.152975651487361197e-02,3.282331766448044752e-02,-1.628323833843085822e-02,6.593466814946845334e-02
-6.708208109148866387e-03,4.604471027711419702e-03,4.540923273655471208e-03,3.829821495607133724e-02,-1.206849535415142373e-02,1.649376570169959824e-02,-1.288440530378971369e-02,7.939735935401559877e-03,7.293549634051645254e-03,-5.209146108372662842e-03,-1.973034407486012540e-02,-1.790244624241168385e-03,0.000000000000000000e+00,-1.008358242122414476e-02,9.831327811584921611e-03,-1.360581496748270759e-02,9.562967840239566808e-02,-1.258929551934080682e-02,7.858541065993403588e-03
-3.203645446304227706e-03,3.099547130908693673e-02,-1.593476048183622984e-02,3.778909944072447735e-02,2.482387738314794506e-02,3.477968761597831360e-02,2.328081593373054758e-02,-8.718587136554674984e-04,1.495625139015992547e-02,-8.210348338241487895e-03,-1.506746283243511411e-02,2.045206960970270826e-02,-1.008358242122414476e-02,0.000000000000000000e+00,9.276856016552413944e-03,-1.417706836045812789e-02,3.965960789983487278e-02,2.743297040831507716e-02,3.572125773385485120e-02
5.899408892417388334e-02,7.292291494213849756e-02,1.522247821011721812e-02,3.488800105794487294e-02,1.210918407736924496e-02,2.237053593921029329e-02,-1.244670488492686210e-02,5.838585991064149452e-03,-1.593020648875531631e-02,2.508963806275289060e-02,-1.897514036129817339e-03,3.810966849886263108e-02,9.831327811584921611e-03,9.276856016552413944e-03,0.000000000000000000e+00,2.101424918411188072e-02,3.567126219449843344e-02,2.130768924162167524e-02,-1.603206616724501057e-02
5.354262886430911916e-02,9.733863802271355836e-02,-1.338825757176782469e-02,5.900904623047507208e-02,5.625535500362048580e-02,6.535113979754644808e-02,2.069567802068605911e-02,2.414138211123417060e-02,-4.129193613265377469e-03,-3.995593101590535004e-03,-1.393916352670834281e-02,5.152975651487361197e-02,-1.360581496748270759e-02,-1.417706836045812789e-02,2.101424918411188072e-02,0.000000000000000000e+00,3.741992043028377624e-02,-7.385899067500027726e-04,-1.693970894216493325e-03
1.551568090336994110e-01,1.238636067598661017e-01,-1.038415263402471880e-02,-1.698884438982863759e-02,-1.382122235822603150e-02,-1.104943905715933226e-02,3.109429627269379506e-02,3.209187235082927581e-02,2.376737484014403851e-02,-7.407293881456896096e-04,2.692784966646399880e-02,3.282331766448044752e-02,9.562967840239566808e-02,3.965960789983487278e-02,3.567126219449843344e-02,3.741992043028377624e-02,0.000000000000000000e+00,3.740025423594876830e-02,5.846615052657417808e-03
-9.585863342382408905e-03,-1.251400616829528335e-02,5.822028640244205494e-02,-1.465325693937046328e-02,-1.904621605747551169e-02,6.847702050185730353e-03,4.198641316955015537e-03,-9.070445979096380257e-03,-1.141085122069011165e-02,-1.496893552739842446e-02,9.624674330774733721e-03,-1.628323833843085822e-02,-1.258929551934080682e-02,2.743297040831507716e-02,2.130768924162167524e-02,-7.385899067500027726e-04,3.740025423594876830e-02,0.000000000000000000e+00,-1.460274761105026780e-03
1.937344218605520363e-02,4.985269197131002999e-02,-1.439924164289252059e-02,5.333764046411190035e-02,-9.026998817946604164e-03,-7.052282343192722500e-03,-1.222464975375788833e-02,1.061597961081348421e-02,-1.258235801228579573e-02,-1.064700578088896912e-02,-1.360948861985148382e-02,6.593466814946845334e-02,7.858541065993403588e-03,3.572125773385485120e-02,-1.603206616724501057e-02,-1.693970894216493325e-03,5.846615052657417808e-03,-1.460274761105026780e-03,0.000000000000000000e+00
