0.000000000000000000e+00,1.648107526485435848e-02,3.054314616325083942e-01,1.537569400232905725e-01,-2.505216642304981117e-03,9.526016539046526510e-02,1.310086147690325553e-01,1.175783556618705400e-01,2.688918001388202611e-02,1.878887152186925202e-01,5.937987493428330266e-02,7.988671372934212948e-04,1.349037379236990297e-01,4.447132346954027482e-02,9.114195454133583452e-02,3.577747296411685346e-02,2.881366323912866179e-01,1.113830031624006393e-02,1.078740195140249075e-01
1.648107526485435848e-02,0.000000000000000000e+00,2.692450503389194338e-01,3.844732348683917444e-01,2.128604307171060722e-02,8.588923068146044060e-02,1.371545539799063074e-01,8.504436637705008184e-02,7.452217070276710709e-02,2.368683647211174415e-01,5.376372214121467874e-02,6.063010946709747329e-02,1.914147700597317592e-01,8.268229918619116048e-02,1.153489730484712344e-01,4.006027587409517754e-02,3.688385378774841628e-01,6.160672731427769416e-02,1.213848045761005551e-01
3.054314616325083942e-01,2.692450503389194338e-01,0.000000000000000000e+00,4.316794316982838775e-02,2.075920599336774919e-01,8.128693715707861756e-02,3.798704166903529161e-02,9.142813272745180242e-02,3.810813212558686325e-02,1.457232658075708134e-02,4.709008945504707805e-02,2.909099772029255168e-02,2.766735951665094673e-02,3.606948444952796928e-02,5.092366132557968328e-02,6.345073106402586427e-02,3.101262123544133720e-02,2.196997897564955116e-01,1.390545405973636975e-02
1.537569400232905725e-01,3.844732348683917444e-01,4.316794316982838775e-02,0.000000000000000000e+00,1.559693539101923154e-01,1.053449503571719514e-01,1.855446904188894769e-02,6.320770152350184412e-02,9.950111527234643816e-02,2.643950612758681415e-02,9.399093581705296463e-02,3.196002181252613483e-02,4.293638216387798967e-02,3.367717175696038900e-02,2.517281442665702043e-02,8.811903134345570529e-03,1.848306179672128818e-02,1.383344561570886144e-01,2.987216236076608092e-02
-2.505216642304981117e-03,2.128604307171060722e-02,2.075920599336774919e-01,1.559693539101923154e-01,0.000000000000000000e+00,2.204166767855894604e-02,5.118076735314232989e-02,1.383712149985868826e-02,8.022015317473860097e-02,7.887372755492992604e-02,1.284019300727137942e-02,3.509160265252639355e-02,1.824301274659597960e-01,2.089649155421312854e-01,8.148363724202802028e-02,1.549667372586468750e-01,2.283475126983508519e-01,9.142311563726437940e-02,6.690584474172910079e-02
9.526016539046526510e-02,8.588923068146044060e-02,8.128693715707861756e-02,1.053449503571719514e-01,2.204166767855894604e-02,0.000000000000000000e+00,4.228499524163714662e-02,7.112218423393704136e-02,1.097464016585213420e-01,4.209930312949465570e-02,7.974600196822419218e-02,6.885849371472624325e-02,2.935097988944641023e-01,8.134169738261028126e-02,1.056417995944203686e-01,7.876471041427060560e-02,2.248015544325039361e-01,1.504398700489389673e-01,1.167277234053379076e-01
1.310086147690325553e-01,1.371545539799063074e-01,3.798704166903529161e-02,1.855446904188894769e-02,5.118076735314232989e-02,4.228499524163714662e-02,0.000000000000000000e+00,3.490731702534499714e-02,1.091060034976406440e-01,1.635046337778595094e-02,1.185830742795050685e-01,2.599179754541387777e-02,7.179133023934347602e-02,5.569950609000896315e-03,2.368371391904568746e-01,6.271505331122285976e-02,2.732057798936469301e-02,4.122767522392614681e-02,1.220599809125803847e-02
1.175783556618705400e-01,8.504436637705008184e-02,9.142813272745180242e-02,6.320770152350184412e-02,1.383712149985868826e-02,7.112218423393704136e-02,3.490731702534499714e-02,0.000000000000000000e+00,5.550292785341234131e-02,2.932121313582265049e-02,7.619035103383672847e-02,6.035924259320826768e-02,3.711005830957877366e-02,5.681582802090782980e-02,5.073778185170645452e-03,2.622621172423384439e-01,5.359587202201600981e-02,5.959790324830011032e-02,1.599457470752511587e-02
2.688918001388202611e-02,7.452217070276710709e-02,3.810813212558686325e-02,9.950111527234643816e-02,8.022015317473860097e-02,1.097464016585213420e-01,1.091060034976406440e-01,5.550292785341234131e-02,0.000000000000000000e+00,3.329655964011048880e-02,1.256866526895290548e-01,1.323964943985504183e-01,4.225939460908704343e-02,2.553720329745836834e-02,7.376548432967078295e-02,1.165716332179076165e-01,5.148818485434483727e-02,7.025808443567220854e-03,3.044620023269867248e-01
1.878887152186925202e-01,2.368683647211174415e-01,1.457232658075708134e-02,2.643950612758681415e-02,7.887372755492992604e-02,4.209930312949465570e-02,1.635046337778595094e-02,2.932121313582265049e-02,3.329655964011048880e-02,0.000000000000000000e+00,1.829847713729237588e-02,2.595549947326169712e-02,3.628677765899022273e-02,1.979982097558167370e-02,4.495336593134605097e-02,1.601272313061756769e-01,5.360384075445154273e-02,1.109807371015408654e-02,3.910452178133991957e-02
5.937987493428330266e-02,5.376372214121467874e-02,4.709008945504707805e-02,9.399093581705296463e-02,1.284019300727137942e-02,7.974600196822419218e-02,1.185830742795050685e-01,7.619035103383672847e-02,1.256866526895290548e-01,1.829847713729237588e-02,0.000000000000000000e+00,2.285208443709441442e-02,8.605255966547545321e-02,3.115763225563260644e-02,5.066812711641098532e-02,9.958715849433553979e-02,5.163839783642112241e-02,8.039144265894830610e-02,3.193765358459661058e-02
7.988671372934212948e-04,6.063010946709747329e-02,2.909099772029255168e-02,3.196002181252613483e-02,3.509160265252639355e-02,6.885849371472624325e-02,2.599179754541387777e-02,6.035924259320826768e-02,1.323964943985504183e-01,2.595549947326169712e-02,2.285208443709441442e-02,0.000000000000000000e+00,7.665685410025525025e-03,-2.302045139210328662e-04,1.227491264608115973e-01,1.952632222393058808e-02,4.796736795339080067e-02,2.123987624155535686e-02,4.967395595952288356e-02
1.349037379236990297e-01,1.914147700597317592e-01,2.766735951665094673e-02,4.293638216387798967e-02,1.824301274659597960e-01,2.935097988944641023e-01,7.179133023934347602e-02,3.711005830957877366e-02,4.225939460908704343e-02,3.628677765899022273e-02,8.605255966547545321e-02,7.665685410025525025e-03,0.000000000000000000e+00,4.577582138492626573e-02,3.441259688993336674e-02,9.609850542606668267e-02,1.807083833693119354e-02,1.361660388116848197e-01,7.500552003298635584e-02
4.447132346954027482e-02,8.268229918619116048e-02,3.606948444952796928e-02,3.367717175696038900e-02,2.089649155421312854e-01,8.134169738261028126e-02,5.569950609000896315e-03,5.681582802090782980e-02,2.553720329745836834e-02,1.979982097558167370e-02,3.115763225563260644e-02,-2.302045139210328662e-04,4.577582138492626573e-02,0.000000000000000000e+00,1.477924625854487861e-01,2.500815050673857107e-02,1.041865705797847749e-02,2.550965561998346787e-01,3.976710114935481932e-02
9.114195454133583452e-02,1.153489730484712344e-01,5.092366132557968328e-02,2.517281442665702043e-02,8.148363724202802028e-02,1.056417995944203686e-01,2.368371391904568746e-01,5.073778185170645452e-03,7.376548432967078295e-02,4.495336593134605097e-02,5.066812711641098532e-02,1.227491264608115973e-01,3.441259688993336674e-02,1.477924625854487861e-01,0.000000000000000000e+00,3.581258801644360973e-02,1.956495411659036829e-02,7.600778633644508266e-03,1.262014287944323021e-01
3.577747296411685346e-02,4.006027587409517754e-02,6.345073106402586427e-02,8.811903134345570529e-03,1.549667372586468750e-01,7.876471041427060560e-02,6.271505331122285976e-02,2.622621172423384439e-01,1.165716332179076165e-01,1.601272313061756769e-01,9.958715849433553979e-02,1.952632222393058808e-02,9.609850542606668267e-02,2.500815050673857107e-02,3.581258801644360973e-02,0.000000000000000000e+00,4.525216949680589684e-02,1.126001428299641116e-01,8.000597061990435965e-02
2.881366323912866179e-01,3.688385378774841628e-01,3.101262123544133720e-02,1.848306179672128818e-02,2.283475126983508519e-01,2.248015544325039361e-01,2.732057798936469301e-02,5.359587202201600981e-02,5.148818485434483727e-02,5.360384075445154273e-02,5.163839783642112241e-02,4.796736795339080067e-02,1.807083833693119354e-02,1.041865705797847749e-02,1.956495411659036829e-02,4.525216949680589684e-02,0.000000000000000000e+00,2.357779516683225773e-01,2.801207403550094732e-02
1.113830031624006393e-02,6.160672731427769416e-02,2.196997897564955116e-01,1.383344561570886144e-01,9.142311563726437940e-02,1.504398700489389673e-01,4.122767522392614681e-02,5.959790324830011032e-02,7.025808443567220854e-03,1.109807371015408654e-02,8.039144265894830610e-02,2.123987624155535686e-02,1.361660388116848197e-01,2.550965561998346787e-01,7.600778633644508266e-03,1.126001428299641116e-01,2.357779516683225773e-01,0.000000000000000000e+00,3.627061008537703357e-02
1.078740195140249075e-01,1.213848045761005551e-01,1.390545405973636975e-02,2.987216236076608092e-02,6.690584474172910079e-02,1.167277234053379076e-01,1.220599809125803847e-02,1.599457470752511587e-02,3.044620023269867248e-01,3.910452178133991957e-02,3.193765358459661058e-02,4.967395595952288356e-02,7.500552003298635584e-02,3.976710114935481932e-02,1.262014287944323021e-01,8.000597061990435965e-02,2.801207403550094732e-02,3.627061008537703357e-02,0.000000000000000000e+00
