0.000000000000000000e+00,4.289257996343522755e-03,1.023159522576928271e-01,5.742604669246419158e-02,1.177020237410770706e-02,2.885658699417276846e-02,4.987567396103112158e-03,4.165479435564767123e-03,2.496528036051248733e-02,5.115638999379240603e-02,3.622392986164536116e-02,5.195010883423114428e-02,-2.670247924403725600e-03,4.563600257853350772e-02,2.078011735621095729e-02,2.707809000467457927e-02,2.563936544080748850e-02,-6.174486947359430784e-04,1.178223365394074490e-01
4.289257996343522755e-03,0.000000000000000000e+00,1.755567988514606867e-02,1.638940686115928844e-02,5.030908774748203693e-02,4.334509264409548007e-02,2.179379757940813275e-02,2.007368008101939518e-03,6.647122178561790454e-03,2.883994295549605069e-02,2.020376737043774393e-02,-9.150837135852333496e-04,5.929010959315727386e-02,5.255326566628107376e-02,2.587764328204576747e-02,1.677152628878507759e-02,2.305759835517273010e-02,2.266184737294410501e-03,5.763050515489854392e-02
1.023159522576928271e-01,1.755567988514606867e-02,0.000000000000000000e+00,1.400934524549863891e-01,1.416717653530289722e-01,5.109201978751664458e-02,9.850014541997312301e-02,9.119750233392655281e-02,2.229166604223697112e-01,1.463067949036753884e-02,4.203558345135610663e-02,2.747839446932283658e-01,9.027821405312491665e-02,3.603967296017103472e-02,1.333657274816955340e-01,2.726517506459705947e-02,2.267411821615842593e-01,-4.480409292268169863e-02,-1.858219168235790072e-02
5.742604669246419158e-02,1.638940686115928844e-02,1.400934524549863891e-01,0.000000000000000000e+00,4.073049815474372864e-02,4.692141022280976737e-02,2.804120198818469897e-02,1.748538931099051161e-02,2.517957572267573441e-02,7.416143580360338994e-02,2.122084850397936984e-01,8.051849047059475573e-02,2.464195361565192990e-02,7.596652868613457121e-02,2.470735571487947188e-02,7.791299992006536605e-03,5.406428710371492113e-02,1.340450251636064183e-01,1.763901267882523050e-01
1.177020237410770706e-02,5.030908774748203693e-02,1.416717653530289722e-01,4.073049815474372864e-02,0.000000000000000000e+00,5.842443870185366588e-03,4.808749732684611082e-03,1.667199700452665773e-02,5.026559021288944454e-03,2.647269307742393385e-02,4.599568722277194016e-02,1.119730152031076925e-01,-9.711685705966357704e-03,2.854649813094304461e-02,8.466719361467317170e-03,1.465352560492906749e-02,2.345875600043579104e-02,-1.079570960149369915e-03,4.293602709241852583e-02
2.885658699417276846e-02,4.334509264409548007e-02,5.109201978751664458e-02,4.692141022280976737e-02,5.842443870185366588e-03,0.000000000000000000e+00,-9.442022011281087394e-04,2.002115774307184834e-02,2.124008875761631762e-02,8.831945673293947405e-03,3.954420341068894812e-02,9.659897993349589318e-02,1.096123837372497273e-01,1.811231806274928025e-02,1.171533965583116017e-02,2.251796512712634160e-02,1.108959770480030804e-02,1.271808382182038240e-02,1.944551206614213157e-01
4.987567396103112158e-03,2.179379757940813275e-02,9.850014541997312301e-02,2.804120198818469897e-02,4.808749732684611082e-03,-9.442022011281087394e-04,0.000000000000000000e+00,2.990994162675386907e-03,2.787373839545682908e-02,2.992416440943274775e-02,3.001740807113334811e-02,9.483758038612107033e-02,1.402548594831516393e-01,6.801210270508840916e-02,2.023325986328384715e-02,1.625744990543186858e-02,1.205974466182725517e-02,7.734465286136648656e-05,3.246824716737300998e-02
4.165479435564767123e-03,2.007368008101939518e-03,9.119750233392655281e-02,1.748538931099051161e-02,1.667199700452665773e-02,2.002115774307184834e-02,2.990994162675386907e-03,0.000000000000000000e+00,1.459933548388818621e-02,8.037052148378415195e-02,6.097607874464786026e-02,7.912887806626278664e-02,1.144953736171063635e-01,1.480847317880897018e-02,9.172705507510143250e-04,3.287109258015748214e-02,2.420976842895031234e-02,3.868007870186168477e-03,7.000863987119861076e-02
2.496528036051248733e-02,6.647122178561790454e-03,2.229166604223697112e-01,2.517957572267573441e-02,5.026559021288944454e-03,2.124008875761631762e-02,2.787373839545682908e-02,1.459933548388818621e-02,0.000000000000000000e+00,1.955651852243030231e-02,5.891489605929862289e-02,8.210183286021507931e-02,-1.776767351926106372e-03,7.926770507981113767e-02,1.447226668880806019e-02,4.029916742960318321e-02,1.425047020849639148e-02,1.210633495528344247e-02,1.572499393068497878e-03
5.115638999379240603e-02,2.883994295549605069e-02,1.463067949036753884e-02,7.416143580360338994e-02,2.647269307742393385e-02,8.831945673293947405e-03,2.992416440943274775e-02,8.037052148378415195e-02,1.955651852243030231e-02,0.000000000000000000e+00,7.050373753427421897e-02,3.054037649983256785e-03,8.742801701187251362e-02,1.699878700932083014e-02,2.273697561457462338e-02,2.918053762128624065e-02,5.872422501175673243e-02,6.434393001825069666e-03,1.234595343003832002e-01
3.622392986164536116e-02,2.020376737043774393e-02,4.203558345135610663e-02,2.122084850397936984e-01,4.599568722277194016e-02,3.954420341068894812e-02,3.001740807113334811e-02,6.097607874464786026e-02,5.891489605929862289e-02,7.050373753427421897e-02,0.000000000000000000e+00,1.469567496333761547e-01,2.001259997816795880e-02,3.010177022121509824e-02,1.622278324022387655e-02,3.629381774918873094e-02,1.258021661716233336e-02,3.737612070013076465e-02,3.206872454246300075e-01
5.195010883423114428e-02,-9.150837135852333496e-04,2.747839446932283658e-01,8.051849047059475573e-02,1.119730152031076925e-01,9.659897993349589318e-02,9.483758038612107033e-02,7.912887806626278664e-02,8.210183286021507931e-02,3.054037649983256785e-03,1.469567496333761547e-01,0.000000000000000000e+00,3.529855700140773628e-02,2.543914033365520661e-02,1.490475098762989725e-01,5.977524391227950762e-02,4.253754231252629414e-02,5.767889552928831196e-03,3.393880652813792420e-02
-2.670247924403725600e-03,5.929010959315727386e-02,9.027821405312491665e-02,2.464195361565192990e-02,-9.711685705966357704e-03,1.096123837372497273e-01,1.402548594831516393e-01,1.144953736171063635e-01,-1.776767351926106372e-03,8.742801701187251362e-02,2.001259997816795880e-02,3.529855700140773628e-02,0.000000000000000000e+00,6.184819220142984825e-02,9.400153740543390479e-02,1.135806574641778010e-03,3.119106330649120545e-02,9.911367123451143846e-02,1.472768439590595446e-01
4.563600257853350772e-02,5.255326566628107376e-02,3.603967296017103472e-02,7.596652868613457121e-02,2.854649813094304461e-02,1.811231806274928025e-02,6.801210270508840916e-02,1.480847317880897018e-02,7.926770507981113767e-02,1.699878700932083014e-02,3.010177022121509824e-02,2.543914033365520661e-02,6.184819220142984825e-02,0.000000000000000000e+00,7.031085952666603356e-02,1.335235910998394497e-02,7.152678305422188743e-02,1.579159263805040431e-02,8.510978347221678786e-02
2.078011735621095729e-02,2.587764328204576747e-02,1.333657274816955340e-01,2.470735571487947188e-02,8.466719361467317170e-03,1.171533965583116017e-02,2.023325986328384715e-02,9.172705507510143250e-04,1.447226668880806019e-02,2.273697561457462338e-02,1.622278324022387655e-02,1.490475098762989725e-01,9.400153740543390479e-02,7.031085952666603356e-02,0.000000000000000000e+00,1.733926421906421128e-02,1.268841078517551034e-02,1.050476883111637477e-02,3.345195665744891966e-02
2.707809000467457927e-02,1.677152628878507759e-02,2.726517506459705947e-02,7.791299992006536605e-03,1.465352560492906749e-02,2.251796512712634160e-02,1.625744990543186858e-02,3.287109258015748214e-02,4.029916742960318321e-02,2.918053762128624065e-02,3.629381774918873094e-02,5.977524391227950762e-02,1.135806574641778010e-03,1.335235910998394497e-02,1.733926421906421128e-02,0.000000000000000000e+00,-1.868656617214187101e-03,7.817738264514316341e-04,3.427246384821738129e-02
2.563936544080748850e-02,2.305759835517273010e-02,2.267411821615842593e-01,5.406428710371492113e-02,2.345875600043579104e-02,1.108959770480030804e-02,1.205974466182725517e-02,2.420976842895031234e-02,1.425047020849639148e-02,5.872422501175673243e-02,1.258021661716233336e-02,4.253754231252629414e-02,3.119106330649120545e-02,7.152678305422188743e-02,1.268841078517551034e-02,-1.868656617214187101e-03,0.000000000000000000e+00,1.904649521866364770e-01,2.347628463365669937e-01
-6.174486947359430784e-04,2.266184737294410501e-03,-4.480409292268169863e-02,1.340450251636064183e-01,-1.079570960149369915e-03,1.271808382182038240e-02,7.734465286136648656e-05,3.868007870186168477e-03,1.210633495528344247e-02,6.434393001825069666e-03,3.737612070013076465e-02,5.767889552928831196e-03,9.911367123451143846e-02,1.579159263805040431e-02,1.050476883111637477e-02,7.817738264514316341e-04,1.904649521866364770e-01,0.000000000000000000e+00,4.282383758314013689e-02
1.178223365394074490e-01,5.763050515489854392e-02,-1.858219168235790072e-02,1.763901267882523050e-01,4.293602709241852583e-02,1.944551206614213157e-01,3.246824716737300998e-02,7.000863987119861076e-02,1.572499393068497878e-03,1.234595343003832002e-01,3.206872454246300075e-01,3.393880652813792420e-02,1.472768439590595446e-01,8.510978347221678786e-02,3.345195665744891966e-02,3.427246384821738129e-02,2.347628463365669937e-01,4.282383758314013689e-02,0.000000000000000000e+00
