0.000000000000000000e+00,2.526182610129059161e-02,1.796411637199935851e-01,-1.935183067415767455e-03,2.500433700158297134e-02,-7.637044765121567616e-03,-1.878997892892295477e-02,-2.994789485265894613e-03,2.107129165640359569e-01,1.124777773806593800e-01,7.692972046110616371e-03,1.305337654289459304e-01,7.196114426746730297e-02,1.287940558761976328e-01,1.604800538985545477e-01,1.202324682270243111e-01,1.096032413356940183e-01,-3.027123381845565203e-03,-8.958433416506563635e-03
2.526182610129059161e-02,0.000000000000000000e+00,1.165352839255818090e-01,3.976710165565460614e-02,-1.071751391691859803e-02,-1.626274795316172764e-02,-1.630731537334823705e-02,-1.225585223542614063e-03,1.940576660119811281e-01,9.844363748129324188e-02,2.065460994181123142e-03,7.768722875432301778e-02,3.349143978702708024e-02,7.699188766993923794e-02,1.467624788735307495e-01,1.093089771903278384e-01,1.173786698598191097e-01,-1.249624870774691289e-02,-8.843827353006775138e-03
1.796411637199935851e-01,1.165352839255818090e-01,0.000000000000000000e+00,-5.664954379210357382e-03,3.946708821418550700e-02,-5.782772334495217374e-03,-2.368343210378845085e-02,-1.818300288870914813e-02,8.919726269156975917e-02,3.178615584537289318e-03,3.654954531790401140e-02,4.340712646608261421e-02,3.375925966839815606e-02,3.249597808318701458e-02,7.985591534006869496e-02,1.536176116134559469e-02,-1.261196161283210070e-02,2.072318211613340642e-03,-1.218764069459376403e-02
-1.935183067415767455e-03,3.976710165565460614e-02,-5.664954379210357382e-03,0.000000000000000000e+00,-1.446736543938198505e-02,-1.138221311706271929e-02,-2.210881505885828324e-02,3.377179940738989864e-03,6.818173568874510981e-02,9.768349541600555158e-03,-1.647592847610853881e-02,2.784982363287984500e-02,-3.153570241184983189e-04,2.856018576095357628e-02,5.236171245565900134e-02,4.478806220454251835e-02,-1.625503522614224483e-02,-2.736551049789464479e-03,-9.500161950264335992e-03
2.500433700158297134e-02,-1.071751391691859803e-02,3.946708821418550700e-02,-1.446736543938198505e-02,0.000000000000000000e+00,-2.053246271106859769e-02,-1.780239203811416829e-02,-1.847437914434698833e-02,4.909073327420011845e-02,-1.967804751038516875e-02,1.666378151445132086e-02,-1.820667782723432368e-02,3.322201748801058285e-02,-2.191662955783885668e-03,7.491742804961533386e-02,-1.117314407212199011e-02,3.556550394353880096e-02,-1.837825777859469767e-02,-4.541418254795240653e-03
-7.637044765121567616e-03,-1.626274795316172764e-02,-5.782772334495217374e-03,-1.138221311706271929e-02,-2.053246271106859769e-02,0.000000000000000000e+00,-1.612690483043239392e-02,1.333048084389816534e-02,3.178128432142510174e-02,-1.452956296276193895e-02,4.085649518116890762e-03,-1.771809805569922458e-02,2.086760795899285023e-02,1.100844581946607351e-02,5.349286674828860472e-02,7.417658453560442393e-03,8.927438816183113496e-03,-1.222673779019853302e-02,1.888170790164774016e-02
-1.878997892892295477e-02,-1.630731537334823705e-02,-2.368343210378845085e-02,-2.210881505885828324e-02,-1.780239203811416829e-02,-1.612690483043239392e-02,0.000000000000000000e+00,4.527000103372176912e-03,1.475888108834962631e-01,1.072406561576944445e-01,-1.178372463662101348e-02,5.010433081315328330e-02,1.099252765204573323e-01,2.213367810012741715e-02,3.674694972948290561e-02,2.315640694366461264e-02,-2.792767417891518084e-02,-3.915225767342552822e-03,2.577013654613904969e-02
-2.994789485265894613e-03,-1.225585223542614063e-03,-1.818300288870914813e-02,3.377179940738989864e-03,-1.847437914434698833e-02,1.333048084389816534e-02,4.527000103372176912e-03,0.000000000000000000e+00,1.009870876181170052e-01,4.557185420727184744e-02,-3.307228565384350179e-03,-2.536541339013295010e-02,2.881185412993825246e-02,9.024035317188591060e-03,1.064919905306387360e-01,1.237309344003963973e-01,-2.046266730456992671e-04,2.400052033752064773e-02,4.415462340932210794e-02
2.107129165640359569e-01,1.940576660119811281e-01,8.919726269156975917e-02,6.818173568874510981e-02,4.909073327420011845e-02,3.178128432142510174e-02,1.475888108834962631e-01,1.009870876181170052e-01,0.000000000000000000e+00,1.475487580359955975e-01,1.324564631978296658e-01,1.076992819898194148e-01,1.211082883878688843e-01,9.327623833678640175e-02,1.088518984113511501e-01,7.349956422599715489e-02,5.888633991958214242e-02,4.842368729714690428e-02,4.268246501174437213e-02
1.124777773806593800e-01,9.844363748129324188e-02,3.178615584537289318e-03,9.768349541600555158e-03,-1.967804751038516875e-02,-1.452956296276193895e-02,1.072406561576944445e-01,4.557185420727184744e-02,1.475487580359955975e-01,0.000000000000000000e+00,3.426791348069999077e-02,-5.631715037951556639e-03,2.696354040081328993e-02,7.337091260506391210e-02,1.261038414421275788e-01,7.100699121820301662e-02,-1.332832951885437600e-03,3.271800519891412962e-03,3.712157981855167266e-02
7.692972046110616371e-03,2.065460994181123142e-03,3.654954531790401140e-02,-1.647592847610853881e-02,1.666378151445132086e-02,4.085649518116890762e-03,-1.178372463662101348e-02,-3.307228565384350179e-03,1.324564631978296658e-01,3.426791348069999077e-02,0.000000000000000000e+00,8.898175730576249332e-02,1.046878514571826235e-01,5.424596168660665574e-02,1.230191712905141788e-01,2.530107245217688705e-02,1.045885238230493709e-02,-9.340987908780795657e-03,-1.268589039785884744e-03
1.305337654289459304e-01,7.768722875432301778e-02,4.340712646608261421e-02,2.784982363287984500e-02,-1.820667782723432368e-02,-1.771809805569922458e-02,5.010433081315328330e-02,-2.536541339013295010e-02,1.076992819898194148e-01,-5.631715037951556639e-03,8.898175730576249332e-02,0.000000000000000000e+00,4.212399323600801021e-02,2.523345158301251029e-02,1.444303061221177686e-01,6.213127113595924567e-02,-5.006195548873351893e-03,-1.457362810773357720e-02,2.339126149867455759e-04
7.196114426746730297e-02,3.349143978702708024e-02,3.375925966839815606e-02,-3.153570241184983189e-04,3.322201748801058285e-02,2.086760795899285023e-02,1.099252765204573323e-01,2.881185412993825246e-02,1.211082883878688843e-01,2.696354040081328993e-02,1.046878514571826235e-01,4.212399323600801021e-02,0.000000000000000000e+00,5.779069680631583605e-02,1.714392116949386424e-01,1.110838363260250317e-01,-1.323861601408721179e-03,6.680982339773813491e-03,-1.705721936763400157e-02
1.287940558761976328e-01,7.699188766993923794e-02,3.249597808318701458e-02,2.856018576095357628e-02,-2.191662955783885668e-03,1.100844581946607351e-02,2.213367810012741715e-02,9.024035317188591060e-03,9.327623833678640175e-02,7.337091260506391210e-02,5.424596168660665574e-02,2.523345158301251029e-02,5.779069680631583605e-02,0.000000000000000000e+00,1.546292630888706186e-02,-1.709014503035406404e-02,5.117794922890001041e-02,2.372750130145696271e-04,-1.266707396195134935e-02
1.604800538985545477e-01,1.467624788735307495e-01,7.985591534006869496e-02,5.236171245565900134e-02,7.491742804961533386e-02,5.349286674828860472e-02,3.674694972948290561e-02,1.064919905306387360e-01,1.088518984113511501e-01,1.261038414421275788e-01,1.230191712905141788e-01,1.444303061221177686e-01,1.714392116949386424e-01,1.546292630888706186e-02,0.000000000000000000e+00,3.489695298677473329e-02,8.038421786456922957e-02,5.882928507311426664e-02,5.817997933726130194e-02
1.202324682270243111e-01,1.093089771903278384e-01,1.536176116134559469e-02,4.478806220454251835e-02,-1.117314407212199011e-02,7.417658453560442393e-03,2.315640694366461264e-02,1.237309344003963973e-01,7.349956422599715489e-02,7.100699121820301662e-02,2.530107245217688705e-02,6.213127113595924567e-02,1.110838363260250317e-01,-1.709014503035406404e-02,3.489695298677473329e-02,0.000000000000000000e+00,3.818253783283091785e-02,6.000032949202014276e-04,2.757785826989809716e-02
1.096032413356940183e-01,1.173786698598191097e-01,-1.261196161283210070e-02,-1.625503522614224483e-02,3.556550394353880096e-02,8.927438816183113496e-03,-2.792767417891518084e-02,-2.046266730456992671e-04,5.888633991958214242e-02,-1.332832951885437600e-03,1.045885238230493709e-02,-5.006195548873351893e-03,-1.323861601408721179e-03,5.117794922890001041e-02,8.038421786456922957e-02,3.818253783283091785e-02,0.000000000000000000e+00,6.237042070450556086e-02,-2.201960322942485282e-02
-3.027123381845565203e-03,-1.249624870774691289e-02,2.072318211613340642e-03,-2.736551049789464479e-03,-1.837825777859469767e-02,-1.222673779019853302e-02,-3.915225767342552822e-03,2.400052033752064773e-02,4.842368729714690428e-02,3.271800519891412962e-03,-9.340987908780795657e-03,-1.457362810773357720e-02,6.680982339773813491e-03,2.372750130145696271e-04,5.882928507311426664e-02,6.000032949202014276e-04,6.237042070450556086e-02,0.000000000000000000e+00,6.450591100595221006e-02
-8.958433416506563635e-03,-8.843827353006775138e-03,-1.218764069459376403e-02,-9.500161950264335992e-03,-4.541418254795240653e-03,1.888170790164774016e-02,2.577013654613904969e-02,4.415462340932210794e-02,4.268246501174437213e-02,3.712157981855167266e-02,-1.268589039785884744e-03,2.339126149867455759e-04,-1.705721936763400157e-02,-1.266707396195134935e-02,5.817997933726130194e-02,2.757785826989809716e-02,-2.201960322942485282e-02,6.450591100595221006e-02,0.000000000000000000e+00
