0.000000000000000000e+00,-1.363813915692644110e-02,5.807706723086780709e-02,-2.150514889389275319e-02,6.477421541665412397e-02,-1.628184869163609022e-02,8.162531410685106015e-02,-4.937962177868346521e-03,7.683196465054785429e-02,-1.820636849119974116e-02,-5.099910979667873073e-02,-4.904547497086900187e-02,3.652936579699357644e-02,-2.718063847980524764e-02,1.034837860140634669e-01,1.164183826278770012e-01,5.519089918359547375e-02,1.700634641335965480e-01,1.053313876389876808e-01
-1.363813915692644110e-02,0.000000000000000000e+00,1.310363514561665652e-02,-1.876115066743062930e-03,3.053633169741091363e-02,-1.678262776317946542e-02,5.587319883907002765e-02,1.250922769769457522e-02,5.686918216827335781e-02,-8.067512419919597999e-03,-4.678104416605334548e-02,-4.028963784160473349e-02,3.870901320732362400e-02,-3.690113137503010787e-02,8.525809569263431698e-02,1.320022366254616775e-01,3.794127347157244534e-02,1.068473347040769239e-01,6.094262051993905999e-02
5.807706723086780709e-02,1.310363514561665652e-02,0.000000000000000000e+00,4.136662195425531985e-02,-1.454579543722926173e-02,3.193275653788111429e-02,2.663175234491015411e-02,1.098461296907045914e-01,4.962521356027287806e-02,9.479379018939691759e-02,-1.687291401299165444e-04,1.472472932779562635e-02,4.663563073677432641e-02,-3.337673988838485255e-03,5.409624203999589126e-02,8.175492826566163607e-02,6.937754584502558997e-02,7.705292534699396956e-02,4.142970808483459333e-02
-2.150514889389275319e-02,-1.876115066743062930e-03,4.136662195425531985e-02,0.000000000000000000e+00,2.242045723678180030e-02,8.774921252435610719e-02,-1.699452186257679326e-02,2.665169117224770040e-02,2.467919059915354291e-02,3.410183709332200580e-02,-1.146959261822463362e-02,2.786738701863218301e-02,1.075408587167819927e-03,3.871325794960010086e-02,4.476278927527873458e-02,-1.409345345036160102e-02,-1.892377844293464256e-02,1.359802313715663402e-01,2.394991516466913467e-02
6.477421541665412397e-02,3.053633169741091363e-02,-1.454579543722926173e-02,2.242045723678180030e-02,0.000000000000000000e+00,-1.048864452308635731e-02,8.384191383507997100e-03,-1.091987689509947221e-02,-7.665588135519128994e-03,-1.673761986851269451e-02,1.418468833246235017e-01,-1.740351668328099857e-02,-1.614949547834022489e-02,8.851811566967550664e-05,-5.011433645591895081e-03,1.660662264546323031e-03,2.625207624983001004e-02,3.680113587884701470e-02,-1.640247457110016391e-02
-1.628184869163609022e-02,-1.678262776317946542e-02,3.193275653788111429e-02,8.774921252435610719e-02,-1.048864452308635731e-02,0.000000000000000000e+00,2.875766154818680184e-02,-1.666877010792424535e-02,4.682250986072181848e-02,9.361545587259764017e-03,5.462381306055828778e-02,4.120743298887520611e-02,3.456771886238006047e-02,-5.125110460048784219e-03,3.770711192661686893e-03,1.731905413756314530e-02,6.210024820184044392e-02,4.446615560831713998e-02,7.765701748097639245e-02
8.162531410685106015e-02,5.587319883907002765e-02,2.663175234491015411e-02,-1.699452186257679326e-02,8.384191383507997100e-03,2.875766154818680184e-02,0.000000000000000000e+00,1.178289547414598931e-01,-3.793487985219487491e-03,1.333021353694011134e-03,-4.786160584282264305e-03,1.026155029619565257e-02,-1.823114784969508823e-02,-2.384563015269322919e-02,5.015830652708250931e-02,1.436107363150960527e-02,-8.207274057632859068e-03,6.352826033351391399e-02,1.714037692468942942e-01
-4.937962177868346521e-03,1.250922769769457522e-02,1.098461296907045914e-01,2.665169117224770040e-02,-1.091987689509947221e-02,-1.666877010792424535e-02,1.178289547414598931e-01,0.000000000000000000e+00,1.156764626734394230e-01,1.730562663874367357e-02,-1.496678051217120199e-02,3.021833568503604767e-02,6.931659289884631314e-02,-1.405449100021778294e-02,1.188334598945741671e-01,4.031652782287792336e-02,7.425572989914366873e-02,1.161025573830940794e-01,1.099938902585504835e-01
7.683196465054785429e-02,5.686918216827335781e-02,4.962521356027287806e-02,2.467919059915354291e-02,-7.665588135519128994e-03,4.682250986072181848e-02,-3.793487985219487491e-03,1.156764626734394230e-01,0.000000000000000000e+00,3.707039755684879423e-02,1.717884922854968910e-03,5.570045371210048668e-02,2.376736806859828730e-02,-1.018217002966326223e-02,6.939870970724625054e-02,2.754505502093028066e-02,-4.970341053181415083e-04,5.340530941341532778e-02,1.174773346217200115e-01
-1.820636849119974116e-02,-8.067512419919597999e-03,9.479379018939691759e-02,3.410183709332200580e-02,-1.673761986851269451e-02,9.361545587259764017e-03,1.333021353694011134e-03,1.730562663874367357e-02,3.707039755684879423e-02,0.000000000000000000e+00,1.118081815585077014e-02,1.446699884609860265e-02,2.557853068800554699e-02,5.594150361163350953e-03,7.254553957345230564e-02,5.020773180380474349e-02,-9.470441940316532553e-03,7.407121760049642512e-02,2.577909483331094955e-03
-5.099910979667873073e-02,-4.678104416605334548e-02,-1.687291401299165444e-04,-1.146959261822463362e-02,1.418468833246235017e-01,5.462381306055828778e-02,-4.786160584282264305e-03,-1.496678051217120199e-02,1.717884922854968910e-03,1.118081815585077014e-02,0.000000000000000000e+00,-4.780771847670674951e-02,-1.954590442682659773e-02,2.363269608702877125e-02,-6.834364847302204851e-03,3.928748511974598789e-02,-2.089907824540784137e-02,1.397820755540914173e-01,-2.022966414430694276e-02
-4.904547497086900187e-02,-4.028963784160473349e-02,1.472472932779562635e-02,2.786738701863218301e-02,-1.740351668328099857e-02,4.120743298887520611e-02,1.026155029619565257e-02,3.021833568503604767e-02,5.570045371210048668e-02,1.446699884609860265e-02,-4.780771847670674951e-02,0.000000000000000000e+00,-1.458288233232992240e-02,-2.531619079855724694e-02,1.128440778459185480e-02,-1.989975174526522131e-02,5.445977294115964679e-02,2.216026250890223981e-02,1.917855610692334456e-02
3.652936579699357644e-02,3.870901320732362400e-02,4.663563073677432641e-02,1.075408587167819927e-03,-1.614949547834022489e-02,3.456771886238006047e-02,-1.823114784969508823e-02,6.931659289884631314e-02,2.376736806859828730e-02,2.557853068800554699e-02,-1.954590442682659773e-02,-1.458288233232992240e-02,0.000000000000000000e+00,-2.791678415161148036e-02,-2.179212759662020257e-02,4.277904120898796958e-02,8.527846462969948527e-02,-1.290407746019082980e-02,1.659447152629590222e-02
-2.718063847980524764e-02,-3.690113137503010787e-02,-3.337673988838485255e-03,3.871325794960010086e-02,8.851811566967550664e-05,-5.125110460048784219e-03,-2.384563015269322919e-02,-1.405449100021778294e-02,-1.018217002966326223e-02,5.594150361163350953e-03,2.363269608702877125e-02,-2.531619079855724694e-02,-2.791678415161148036e-02,0.000000000000000000e+00,-2.561423938619540944e-02,1.822574538437626932e-03,1.369003351932449389e-02,-1.628661952496670423e-02,-1.979289456459567415e-02
1.034837860140634669e-01,8.525809569263431698e-02,5.409624203999589126e-02,4.476278927527873458e-02,-5.011433645591895081e-03,3.770711192661686893e-03,5.015830652708250931e-02,1.188334598945741671e-01,6.939870970724625054e-02,7.254553957345230564e-02,-6.834364847302204851e-03,1.128440778459185480e-02,-2.179212759662020257e-02,-2.561423938619540944e-02,0.000000000000000000e+00,3.712888100032887828e-02,4.360728285212497196e-02,2.023589567228588348e-02,1.308526836108638569e-01
1.164183826278770012e-01,1.320022366254616775e-01,8.175492826566163607e-02,-1.409345345036160102e-02,1.660662264546323031e-03,1.731905413756314530e-02,1.436107363150960527e-02,4.031652782287792336e-02,2.754505502093028066e-02,5.020773180380474349e-02,3.928748511974598789e-02,-1.989975174526522131e-02,4.277904120898796958e-02,1.822574538437626932e-03,3.712888100032887828e-02,0.000000000000000000e+00,5.404114026014435190e-03,7.833699474499401794e-02,9.340967727957762146e-02
5.519089918359547375e-02,3.794127347157244534e-02,6.937754584502558997e-02,-1.892377844293464256e-02,2.625207624983001004e-02,6.210024820184044392e-02,-8.207274057632859068e-03,7.425572989914366873e-02,-4.970341053181415083e-04,-9.470441940316532553e-03,-2.089907824540784137e-02,5.445977294115964679e-02,8.527846462969948527e-02,1.369003351932449389e-02,4.360728285212497196e-02,5.404114026014435190e-03,0.000000000000000000e+00,1.383495923522841120e-01,3.624643979405165611e-02
1.700634641335965480e-01,1.068473347040769239e-01,7.705292534699396956e-02,1.359802313715663402e-01,3.680113587884701470e-02,4.446615560831713998e-02,6.352826033351391399e-02,1.161025573830940794e-01,5.340530941341532778e-02,7.407121760049642512e-02,1.397820755540914173e-01,2.216026250890223981e-02,-1.290407746019082980e-02,-1.628661952496670423e-02,2.023589567228588348e-02,7.833699474499401794e-02,1.383495923522841120e-01,0.000000000000000000e+00,1.020980718117365793e-01
1.053313876389876808e-01,6.094262051993905999e-02,4.142970808483459333e-02,2.394991516466913467e-02,-1.640247457110016391e-02,7.765701748097639245e-02,1.714037692468942942e-01,1.099938902585504835e-01,1.174773346217200115e-01,2.577909483331094955e-03,-2.022966414430694276e-02,1.917855610692334456e-02,1.659447152629590222e-02,-1.979289456459567415e-02,1.308526836108638569e-01,9.340967727957762146e-02,3.624643979405165611e-02,1.020980718117365793e-01,0.000000000000000000e+00
