0.000000000000000000e+00,4.091928796175452708e-03,3.102863415241255418e-01,1.876204763346998872e-01,8.341733933406941803e-02,2.362646633546821306e-01,6.030388972980667978e-02,1.632450421741643287e-01,1.204783427290860021e-01,1.083417577800564330e-01,8.237435117704113366e-03,4.950060100068017638e-02,4.933819648461360008e-02,6.879427994459211271e-02,4.198524347483827829e-02,6.593286632606686071e-02,2.914139879377834474e-01,6.000097210050020502e-02,1.771595309571601107e-02
4.091928796175452708e-03,0.000000000000000000e+00,1.338501262320530849e-01,1.890908705248954269e-01,1.320911496919591477e-01,1.710082159317640182e-01,7.378869067928969794e-02,7.124001609340648022e-02,9.893880987126328630e-02,6.412896242802314239e-02,1.385860996720328885e-02,4.340225088567561951e-02,3.394119393367295984e-02,3.833526791857418126e-02,2.613317566448382021e-02,9.492716270676779255e-02,1.920353372527232871e-01,7.900060980230548535e-02,-1.421545079733105505e-03
3.102863415241255418e-01,1.338501262320530849e-01,0.000000000000000000e+00,2.119538586740669917e-02,7.064244564094446233e-02,4.822510065433402437e-02,5.692226221178807444e-02,7.309164150070517063e-02,6.307250411885559349e-02,4.264769388237666520e-02,2.272630220161644676e-01,4.184185927608567029e-02,6.833636533511670830e-02,4.558635894920083642e-02,6.233609835976584163e-02,6.269951825855904493e-02,5.274028187537386364e-02,1.118008795801895827e-01,1.169304346753851503e-01
1.876204763346998872e-01,1.890908705248954269e-01,2.119538586740669917e-02,0.000000000000000000e+00,2.051051200840901811e-02,8.293581071395274285e-02,6.996003428235861299e-02,1.373504713773693042e-01,4.847901404567710182e-02,2.758025796436456081e-02,1.068185756889319382e-01,5.073686805929570470e-02,5.856510165044809257e-02,1.894219025826881717e-02,3.662042649263942684e-02,9.470953129676498716e-02,2.396505473524734170e-02,7.696438540516263582e-02,1.731236101005478867e-01
8.341733933406941803e-02,1.320911496919591477e-01,7.064244564094446233e-02,2.051051200840901811e-02,0.000000000000000000e+00,5.807355069847649522e-03,6.772422903154502738e-02,5.639596375515259358e-02,3.575707128959807607e-02,1.104473229314675321e-02,1.713468549102857910e-02,4.997341591897340451e-02,2.991006572631298849e-02,4.851786745111794780e-02,2.599899788822971833e-02,5.307435781845936534e-02,1.144201616175828801e-01,3.422629920887028387e-02,3.926761604540542072e-02
2.362646633546821306e-01,1.710082159317640182e-01,4.822510065433402437e-02,8.293581071395274285e-02,5.807355069847649522e-03,0.000000000000000000e+00,2.683235489772116053e-02,9.886442697683103797e-02,7.253015700695130200e-03,2.597390713201228052e-02,2.020268970840279343e-01,6.666446973931612618e-02,5.550305150525979003e-02,4.105557449779229789e-02,3.473001430285831831e-02,9.449352842778349637e-02,1.458051135971955570e-01,4.376474195508159304e-02,4.451620929245443670e-02
6.030388972980667978e-02,7.378869067928969794e-02,5.692226221178807444e-02,6.996003428235861299e-02,6.772422903154502738e-02,2.683235489772116053e-02,0.000000000000000000e+00,1.935761833121082964e-02,2.285393903156643369e-02,-8.804330698175816391e-04,2.688136733079168200e-02,2.632528986135732052e-02,3.139401521287146779e-02,4.032378177436288236e-02,-9.076227922727020522e-04,2.477082534391652005e-02,8.575473968407314185e-02,1.816726105370167210e-02,1.588255960859494623e-02
1.632450421741643287e-01,7.124001609340648022e-02,7.309164150070517063e-02,1.373504713773693042e-01,5.639596375515259358e-02,9.886442697683103797e-02,1.935761833121082964e-02,0.000000000000000000e+00,1.029671662682386385e-01,1.443452723793132719e-01,1.903799143980710873e-01,3.613489809972253441e-02,5.469712039278690902e-02,3.108407177872463470e-02,6.189264027507353910e-02,5.690323557911555752e-02,1.445855155720673080e-01,7.039909969948839052e-02,7.732890950343621062e-02
1.204783427290860021e-01,9.893880987126328630e-02,6.307250411885559349e-02,4.847901404567710182e-02,3.575707128959807607e-02,7.253015700695130200e-03,2.285393903156643369e-02,1.029671662682386385e-01,0.000000000000000000e+00,9.385028971338923998e-02,1.401242728478473420e-01,2.360036175665610608e-02,1.136799490731159878e-01,9.443986651251843820e-03,6.085379691730576773e-02,1.306433665842522129e-01,4.666901102441099042e-02,1.739754252991971379e-03,8.250928184858787387e-03
1.083417577800564330e-01,6.412896242802314239e-02,4.264769388237666520e-02,2.758025796436456081e-02,1.104473229314675321e-02,2.597390713201228052e-02,-8.804330698175816391e-04,1.443452723793132719e-01,9.385028971338923998e-02,0.000000000000000000e+00,1.312583956517766048e-01,6.043459555986086537e-04,9.232767861219609573e-02,4.448155102409692696e-02,1.742926519893094398e-02,1.978500326420198907e-01,2.661614205576088785e-02,4.833363632996820133e-03,7.080809597643423874e-03
8.237435117704113366e-03,1.385860996720328885e-02,2.272630220161644676e-01,1.068185756889319382e-01,1.713468549102857910e-02,2.020268970840279343e-01,2.688136733079168200e-02,1.903799143980710873e-01,1.401242728478473420e-01,1.312583956517766048e-01,0.000000000000000000e+00,2.508839075459352169e-02,2.523917145288010269e-02,5.477419057635114774e-02,1.364377956102034127e-02,3.930783586410819402e-02,2.011898708420910842e-01,2.295970788687971831e-02,6.537513455569056442e-02
4.950060100068017638e-02,4.340225088567561951e-02,4.184185927608567029e-02,5.073686805929570470e-02,4.997341591897340451e-02,6.666446973931612618e-02,2.632528986135732052e-02,3.613489809972253441e-02,2.360036175665610608e-02,6.043459555986086537e-04,2.508839075459352169e-02,0.000000000000000000e+00,2.030563585800854859e-02,3.479682843798829334e-02,5.975896915811332658e-03,5.800943495267416733e-02,2.596449870911885643e-02,4.660034889624944249e-02,3.642641722167554857e-02
4.933819648461360008e-02,3.394119393367295984e-02,6.833636533511670830e-02,5.856510165044809257e-02,2.991006572631298849e-02,5.550305150525979003e-02,3.139401521287146779e-02,5.469712039278690902e-02,1.136799490731159878e-01,9.232767861219609573e-02,2.523917145288010269e-02,2.030563585800854859e-02,0.000000000000000000e+00,8.644658389672049345e-03,5.811819094383167961e-02,4.121655360185838730e-03,9.662558708370382055e-02,8.106976079354792641e-02,6.044693097226047640e-02
6.879427994459211271e-02,3.833526791857418126e-02,4.558635894920083642e-02,1.894219025826881717e-02,4.851786745111794780e-02,4.105557449779229789e-02,4.032378177436288236e-02,3.108407177872463470e-02,9.443986651251843820e-03,4.448155102409692696e-02,5.477419057635114774e-02,3.479682843798829334e-02,8.644658389672049345e-03,0.000000000000000000e+00,4.711672415898263133e-02,6.864951217661535710e-02,3.007399860941508199e-02,1.115950293045084168e-01,4.278752692937621421e-02
4.198524347483827829e-02,2.613317566448382021e-02,6.233609835976584163e-02,3.662042649263942684e-02,2.599899788822971833e-02,3.473001430285831831e-02,-9.076227922727020522e-04,6.189264027507353910e-02,6.085379691730576773e-02,1.742926519893094398e-02,1.364377956102034127e-02,5.975896915811332658e-03,5.811819094383167961e-02,4.711672415898263133e-02,0.000000000000000000e+00,6.586350169462371063e-02,4.808530311162341475e-02,2.355487480550625540e-02,2.057911779001114078e-02
6.593286632606686071e-02,9.492716270676779255e-02,6.269951825855904493e-02,9.470953129676498716e-02,5.307435781845936534e-02,9.449352842778349637e-02,2.477082534391652005e-02,5.690323557911555752e-02,1.306433665842522129e-01,1.978500326420198907e-01,3.930783586410819402e-02,5.800943495267416733e-02,4.121655360185838730e-03,6.864951217661535710e-02,6.586350169462371063e-02,0.000000000000000000e+00,7.921580872730459022e-02,9.634752867134448173e-02,4.796400638873003774e-02
2.914139879377834474e-01,1.920353372527232871e-01,5.274028187537386364e-02,2.396505473524734170e-02,1.144201616175828801e-01,1.458051135971955570e-01,8.575473968407314185e-02,1.445855155720673080e-01,4.666901102441099042e-02,2.661614205576088785e-02,2.011898708420910842e-01,2.596449870911885643e-02,9.662558708370382055e-02,3.007399860941508199e-02,4.808530311162341475e-02,7.921580872730459022e-02,0.000000000000000000e+00,2.163466461844222588e-01,1.998412453992000626e-01
6.000097210050020502e-02,7.900060980230548535e-02,1.118008795801895827e-01,7.696438540516263582e-02,3.422629920887028387e-02,4.376474195508159304e-02,1.816726105370167210e-02,7.039909969948839052e-02,1.739754252991971379e-03,4.833363632996820133e-03,2.295970788687971831e-02,4.660034889624944249e-02,8.106976079354792641e-02,1.115950293045084168e-01,2.355487480550625540e-02,9.634752867134448173e-02,2.163466461844222588e-01,0.000000000000000000e+00,3.880132945379803633e-02
1.771595309571601107e-02,-1.421545079733105505e-03,1.169304346753851503e-01,1.731236101005478867e-01,3.926761604540542072e-02,4.451620929245443670e-02,1.588255960859494623e-02,7.732890950343621062e-02,8.250928184858787387e-03,7.080809597643423874e-03,6.537513455569056442e-02,3.642641722167554857e-02,6.044693097226047640e-02,4.278752692937621421e-02,2.057911779001114078e-02,4.796400638873003774e-02,1.998412453992000626e-01,3.880132945379803633e-02,0.000000000000000000e+00
