0.000000000000000000e+00,-1.197370396334267824e-03,-1.154821671890268785e-03,5.100305249726412582e-02,-1.846408785275112374e-02,-7.636504935472500366e-03,6.020780690982937416e-02,-1.351972053186990472e-02,6.877943567097348498e-02,2.688095103583241358e-02,-1.178975470084036442e-02,8.602965182417195156e-02,6.123657608808262542e-02,-1.236530840207451278e-02,-7.149762775775722352e-04,7.108947571208143945e-04,4.006979577603124454e-02,1.215779039101716891e-01,9.196063333022438946e-02
-1.197370396334267824e-03,0.000000000000000000e+00,5.985464891836198703e-02,6.383458395532899676e-02,1.725667238234824402e-02,7.383199941878897110e-02,3.523745496859429643e-02,4.043999777387417144e-02,2.452167278201344836e-02,-8.655990468340209187e-04,-3.859433785643103746e-03,1.719940581317265516e-01,2.422298148328490969e-02,7.018516191499091575e-03,1.132131316628146381e-02,1.140930576649817809e-03,1.195499560731631689e-01,1.609588606059338400e-01,5.501103005726637463e-02
-1.154821671890268785e-03,5.985464891836198703e-02,0.000000000000000000e+00,5.085885345996569995e-02,5.716354661740710025e-02,-6.018769556994990610e-02,9.742086979139849556e-02,-1.453681838087413948e-02,1.565462906175266178e-02,4.786225614156932630e-03,4.981281211946082810e-02,5.723322980413995953e-02,-5.647854006034652436e-05,-1.079461325166143799e-02,1.642011463477945077e-02,-1.770653569212029751e-02,2.355768732821461250e-02,1.088699178169279663e-01,8.955731151811166524e-02
5.100305249726412582e-02,6.383458395532899676e-02,5.085885345996569995e-02,0.000000000000000000e+00,1.563756142577562430e-02,7.045206331603975913e-02,-7.019784089374312037e-03,5.964126290413810511e-02,-2.565391594282186855e-02,-1.700897078869605464e-02,3.479159011203360186e-02,-6.852958297006823789e-03,7.275055057256518210e-04,2.801702597435233935e-02,1.179727144599349367e-02,4.150939329068700778e-02,1.065152824571084234e-01,9.808455031092283907e-03,9.611321580123764752e-02
-1.846408785275112374e-02,1.725667238234824402e-02,5.716354661740710025e-02,1.563756142577562430e-02,0.000000000000000000e+00,-8.149426453141056514e-02,3.715263765106582156e-02,-1.422584872059001228e-02,-4.743525963552719556e-03,1.266672292593263582e-01,-4.616673249586063579e-03,-8.209886223694468771e-03,2.213587963496788449e-02,1.362301074698417380e-01,-6.887294324290377072e-03,-1.084189658700920791e-03,1.817548995059687922e-01,2.041750930546796794e-01,1.152140214993808282e-01
-7.636504935472500366e-03,7.383199941878897110e-02,-6.018769556994990610e-02,7.045206331603975913e-02,-8.149426453141056514e-02,0.000000000000000000e+00,-4.055883603589833380e-02,8.216048027384114175e-03,1.668346139337252912e-02,-2.629283751810033293e-02,-6.884449554573865426e-02,1.114023312770426842e-02,-2.787110850223090044e-03,8.785161455921515483e-02,8.626263789758548128e-02,1.153005838051271298e-01,-3.658226471222362358e-02,-5.097155838185662979e-02,1.860736193854595211e-02
6.020780690982937416e-02,3.523745496859429643e-02,9.742086979139849556e-02,-7.019784089374312037e-03,3.715263765106582156e-02,-4.055883603589833380e-02,0.000000000000000000e+00,7.001320937476288031e-02,-1.261272143540366833e-02,1.970184637306177794e-02,9.579546055023063778e-02,2.336560057625876406e-03,-9.069346673478914395e-04,6.781469656891322972e-02,-2.305939198636913073e-02,4.394744364915559483e-03,1.435025128099946257e-01,2.379220602064832657e-01,-9.518918990162834881e-02
-1.351972053186990472e-02,4.043999777387417144e-02,-1.453681838087413948e-02,5.964126290413810511e-02,-1.422584872059001228e-02,8.216048027384114175e-03,7.001320937476288031e-02,0.000000000000000000e+00,1.288582149362317575e-01,1.111145942045816543e-01,-1.506426258310710788e-02,1.609787625870758576e-01,1.242547422532900431e-02,-1.825543227253318204e-02,3.777490179198734338e-02,1.123778763020051030e-01,-1.147321510295930790e-02,2.801298491891607116e-03,-7.670425922091453352e-03
6.877943567097348498e-02,2.452167278201344836e-02,1.565462906175266178e-02,-2.565391594282186855e-02,-4.743525963552719556e-03,1.668346139337252912e-02,-1.261272143540366833e-02,1.288582149362317575e-01,0.000000000000000000e+00,1.606788567377853000e-02,3.342618699204610161e-02,-4.009729278425047845e-03,-9.225444280285068771e-03,1.091449510300978535e-03,7.883987342385653102e-03,6.293245231278693508e-02,1.729048083191698061e-03,3.610955497851032862e-03,-5.752671728385425759e-02
2.688095103583241358e-02,-8.655990468340209187e-04,4.786225614156932630e-03,-1.700897078869605464e-02,1.266672292593263582e-01,-2.629283751810033293e-02,1.970184637306177794e-02,1.111145942045816543e-01,1.606788567377853000e-02,0.000000000000000000e+00,1.829044107149374598e-02,-1.592198944626146279e-02,-1.559877438301997613e-02,-1.162424273036214394e-02,6.313202257053111832e-02,4.680549217064325362e-02,-2.494898278365549962e-03,-5.092096616194253557e-03,-7.300642238902081693e-03
-1.178975470084036442e-02,-3.859433785643103746e-03,4.981281211946082810e-02,3.479159011203360186e-02,-4.616673249586063579e-03,-6.884449554573865426e-02,9.579546055023063778e-02,-1.506426258310710788e-02,3.342618699204610161e-02,1.829044107149374598e-02,0.000000000000000000e+00,1.434465637827242977e-02,1.613710009984468952e-02,7.617897135960643995e-03,7.894702935141864955e-03,-4.279919782774359305e-03,2.146617599438042576e-02,5.168770455231660316e-02,8.938900102729092911e-02
8.602965182417195156e-02,1.719940581317265516e-01,5.723322980413995953e-02,-6.852958297006823789e-03,-8.209886223694468771e-03,1.114023312770426842e-02,2.336560057625876406e-03,1.609787625870758576e-01,-4.009729278425047845e-03,-1.592198944626146279e-02,1.434465637827242977e-02,0.000000000000000000e+00,1.066414849557488498e-02,-2.441767939543647292e-02,8.871738535343916005e-04,-1.512723022069501454e-02,7.267591751769940378e-02,2.388417293900713166e-04,7.002239955796482618e-02
6.123657608808262542e-02,2.422298148328490969e-02,-5.647854006034652436e-05,7.275055057256518210e-04,2.213587963496788449e-02,-2.787110850223090044e-03,-9.069346673478914395e-04,1.242547422532900431e-02,-9.225444280285068771e-03,-1.559877438301997613e-02,1.613710009984468952e-02,1.066414849557488498e-02,0.000000000000000000e+00,1.121207892021906793e-01,-1.768801615800652191e-02,2.415788586634717502e-02,-1.014284398583535120e-02,2.395437603972732157e-02,8.971876886731797174e-02
-1.236530840207451278e-02,7.018516191499091575e-03,-1.079461325166143799e-02,2.801702597435233935e-02,1.362301074698417380e-01,8.785161455921515483e-02,6.781469656891322972e-02,-1.825543227253318204e-02,1.091449510300978535e-03,-1.162424273036214394e-02,7.617897135960643995e-03,-2.441767939543647292e-02,1.121207892021906793e-01,0.000000000000000000e+00,9.791884613574039498e-02,-1.105076056159384583e-02,-8.403193592444901938e-03,4.442575244664355438e-02,-6.869382545899577197e-02
-7.149762775775722352e-04,1.132131316628146381e-02,1.642011463477945077e-02,1.179727144599349367e-02,-6.887294324290377072e-03,8.626263789758548128e-02,-2.305939198636913073e-02,3.777490179198734338e-02,7.883987342385653102e-03,6.313202257053111832e-02,7.894702935141864955e-03,8.871738535343916005e-04,-1.768801615800652191e-02,9.791884613574039498e-02,0.000000000000000000e+00,1.201195973700311254e-01,8.721036126032097324e-02,1.419268594125849270e-01,-8.965713492985608046e-02
7.108947571208143945e-04,1.140930576649817809e-03,-1.770653569212029751e-02,4.150939329068700778e-02,-1.084189658700920791e-03,1.153005838051271298e-01,4.394744364915559483e-03,1.123778763020051030e-01,6.293245231278693508e-02,4.680549217064325362e-02,-4.279919782774359305e-03,-1.512723022069501454e-02,2.415788586634717502e-02,-1.105076056159384583e-02,1.201195973700311254e-01,0.000000000000000000e+00,-1.680809474795318115e-02,-2.244726607842424670e-02,-7.463703068349838987e-02
4.006979577603124454e-02,1.195499560731631689e-01,2.355768732821461250e-02,1.065152824571084234e-01,1.817548995059687922e-01,-3.658226471222362358e-02,1.435025128099946257e-01,-1.147321510295930790e-02,1.729048083191698061e-03,-2.494898278365549962e-03,2.146617599438042576e-02,7.267591751769940378e-02,-1.014284398583535120e-02,-8.403193592444901938e-03,8.721036126032097324e-02,-1.680809474795318115e-02,0.000000000000000000e+00,1.635590930745256522e-01,9.191705241365896728e-02
1.215779039101716891e-01,1.609588606059338400e-01,1.088699178169279663e-01,9.808455031092283907e-03,2.041750930546796794e-01,-5.097155838185662979e-02,2.379220602064832657e-01,2.801298491891607116e-03,3.610955497851032862e-03,-5.092096616194253557e-03,5.168770455231660316e-02,2.388417293900713166e-04,2.395437603972732157e-02,4.442575244664355438e-02,1.419268594125849270e-01,-2.244726607842424670e-02,1.635590930745256522e-01,0.000000000000000000e+00,8.580241792552507907e-02
9.196063333022438946e-02,5.501103005726637463e-02,8.955731151811166524e-02,9.611321580123764752e-02,1.152140214993808282e-01,1.860736193854595211e-02,-9.518918990162834881e-02,-7.670425922091453352e-03,-5.752671728385425759e-02,-7.300642238902081693e-03,8.938900102729092911e-02,7.002239955796482618e-02,8.971876886731797174e-02,-6.869382545899577197e-02,-8.965713492985608046e-02,-7.463703068349838987e-02,9.191705241365896728e-02,8.580241792552507907e-02,0.000000000000000000e+00
