0.000000000000000000e+00,3.875589942296501361e-02,4.482646791774037159e-02,1.587961193582995006e-02,5.231906090763314976e-03,1.751030743157451844e-02,7.306717087941955700e-03,1.286929624803103030e-02,2.724777963718902005e-02,3.372578246474299685e-02,6.883062220250667218e-03,8.746408297980937455e-03,5.830899474223463774e-02,1.742604068526262123e-02,4.576993143652721002e-02,2.794026408929290578e-02,3.463971980022314406e-02,1.971786035774316173e-02,3.299792452504867954e-03
3.875589942296501361e-02,0.000000000000000000e+00,7.696028436255449023e-02,6.641814606027546253e-02,5.050288970814371600e-03,1.029588248918132491e-02,1.894683306996740313e-02,2.145026810606675757e-02,5.875817060990957963e-02,6.216053062547326896e-02,1.101564659253004112e-02,4.980581567838299585e-04,7.407826808522272044e-02,1.340721444340699058e-02,7.682476267843854623e-02,3.752793931029008850e-02,9.789426170224366230e-02,2.253947824264722691e-02,1.493887861164650173e-03
4.482646791774037159e-02,7.696028436255449023e-02,0.000000000000000000e+00,4.774941850666473281e-02,7.374743052222309386e-03,2.003472443792570293e-02,5.075383831312011568e-03,4.256922534452980793e-03,1.195046640543587961e-03,3.913012832621347303e-03,9.251265079797479224e-03,1.977569035646437046e-02,4.323597283465053370e-02,1.654669030827037382e-02,1.313866544400456131e-02,9.960239384461827897e-03,3.055314028988475455e-02,5.009233266369663568e-02,1.701413934383885773e-02
1.587961193582995006e-02,6.641814606027546253e-02,4.774941850666473281e-02,0.000000000000000000e+00,1.857911024234165653e-02,1.875335862263444175e-02,7.664181694251896368e-03,3.311944501045960276e-02,1.890080816471734898e-02,3.085707433829695812e-02,1.707952448454500005e-02,1.279437200668759496e-02,5.470389194990123161e-02,1.875567258434678725e-02,4.233274835145354326e-02,4.618583718896328988e-02,6.339383971184665845e-02,5.862978278864838799e-02,2.977295027042087348e-03
5.231906090763314976e-03,5.050288970814371600e-03,7.374743052222309386e-03,1.857911024234165653e-02,0.000000000000000000e+00,1.312819966360446837e-02,2.520769686478283728e-02,2.623372239901649791e-02,3.884225178272380369e-02,3.485917429831197206e-02,8.729856884422883267e-03,1.266652509168667701e-02,2.947696428169399238e-02,1.357465061693977938e-02,4.977831234119530629e-02,3.253910016546011225e-02,3.367767430805603673e-02,2.737617457657584574e-02,-1.063587131538338984e-03
1.751030743157451844e-02,1.029588248918132491e-02,2.003472443792570293e-02,1.875335862263444175e-02,1.312819966360446837e-02,0.000000000000000000e+00,1.736297756304116743e-02,1.113796982320089390e-02,1.643001208927183723e-02,1.642299300366898904e-02,1.662105784876846334e-02,1.309286606545751776e-02,1.922999961076903019e-02,6.865975082227849385e-03,2.205900310239322301e-02,5.954431184354450589e-03,3.006512436374350269e-02,1.697482427931868570e-02,1.202980879630721929e-02
7.306717087941955700e-03,1.894683306996740313e-02,5.075383831312011568e-03,7.664181694251896368e-03,2.520769686478283728e-02,1.736297756304116743e-02,0.000000000000000000e+00,1.128945580548824414e-02,5.720639692003399480e-03,-1.357280760844586107e-03,2.645541879921355999e-04,1.311974433607518940e-02,1.951726252490661867e-02,1.557475143813728119e-02,1.200282713462021318e-02,9.600954874762120464e-03,2.573977338262090509e-03,8.628860882652885159e-03,1.835092047013717198e-02
1.286929624803103030e-02,2.145026810606675757e-02,4.256922534452980793e-03,3.311944501045960276e-02,2.623372239901649791e-02,1.113796982320089390e-02,1.128945580548824414e-02,0.000000000000000000e+00,1.353069413352199317e-02,2.793954201628393724e-02,8.853996876306962152e-03,2.144081677537485256e-02,3.476831672990222249e-02,4.262394187758829223e-02,1.998012938779712352e-02,5.681553001415824700e-02,1.203685132766786105e-02,1.093139859543526722e-02,1.250641253533429573e-02
2.724777963718902005e-02,5.875817060990957963e-02,1.195046640543587961e-03,1.890080816471734898e-02,3.884225178272380369e-02,1.643001208927183723e-02,5.720639692003399480e-03,1.353069413352199317e-02,0.000000000000000000e+00,3.374522231184873960e-02,1.885220105226969017e-03,1.527449082842594237e-02,1.169734085825944320e-02,2.509238042878945626e-02,6.617980315942954828e-03,2.300523127374125287e-02,1.062545092417008057e-02,1.469336080904999620e-02,5.795347659978200734e-03
3.372578246474299685e-02,6.216053062547326896e-02,3.913012832621347303e-03,3.085707433829695812e-02,3.485917429831197206e-02,1.642299300366898904e-02,-1.357280760844586107e-03,2.793954201628393724e-02,3.374522231184873960e-02,0.000000000000000000e+00,5.771250729309913147e-03,2.546619818560618212e-02,3.137256486498275852e-03,2.684201721154153009e-02,7.635446500007246921e-04,3.595235864349635019e-02,1.632963731242807401e-02,2.136682945489038615e-02,2.948797473210034055e-03
6.883062220250667218e-03,1.101564659253004112e-02,9.251265079797479224e-03,1.707952448454500005e-02,8.729856884422883267e-03,1.662105784876846334e-02,2.645541879921355999e-04,8.853996876306962152e-03,1.885220105226969017e-03,5.771250729309913147e-03,0.000000000000000000e+00,1.243738990466973851e-02,3.195915335423971104e-02,1.223017471861951970e-02,1.537629672855428745e-02,2.008604868288991346e-02,9.780102464489256672e-03,7.963011684252023839e-03,7.079340620639851082e-03
8.746408297980937455e-03,4.980581567838299585e-04,1.977569035646437046e-02,1.279437200668759496e-02,1.266652509168667701e-02,1.309286606545751776e-02,1.311974433607518940e-02,2.144081677537485256e-02,1.527449082842594237e-02,2.546619818560618212e-02,1.243738990466973851e-02,0.000000000000000000e+00,4.199455059855097122e-02,9.190632577340719297e-03,4.125100167204785034e-02,3.043078371590399872e-02,2.267456877989464797e-02,1.148421396915556662e-02,3.518050697154301732e-03
5.830899474223463774e-02,7.407826808522272044e-02,4.323597283465053370e-02,5.470389194990123161e-02,2.947696428169399238e-02,1.922999961076903019e-02,1.951726252490661867e-02,3.476831672990222249e-02,1.169734085825944320e-02,3.137256486498275852e-03,3.195915335423971104e-02,4.199455059855097122e-02,0.000000000000000000e+00,1.243282175290378808e-02,4.118924153925069415e-02,2.049581652070527407e-02,4.883969189395911265e-02,2.137926383706547848e-02,4.959259229009021532e-03
1.742604068526262123e-02,1.340721444340699058e-02,1.654669030827037382e-02,1.875567258434678725e-02,1.357465061693977938e-02,6.865975082227849385e-03,1.557475143813728119e-02,4.262394187758829223e-02,2.509238042878945626e-02,2.684201721154153009e-02,1.223017471861951970e-02,9.190632577340719297e-03,1.243282175290378808e-02,0.000000000000000000e+00,2.958981139656516324e-02,2.502091770887138536e-02,2.673485054280249143e-02,6.923138768965163801e-03,9.800891655461997989e-03
4.576993143652721002e-02,7.682476267843854623e-02,1.313866544400456131e-02,4.233274835145354326e-02,4.977831234119530629e-02,2.205900310239322301e-02,1.200282713462021318e-02,1.998012938779712352e-02,6.617980315942954828e-03,7.635446500007246921e-04,1.537629672855428745e-02,4.125100167204785034e-02,4.118924153925069415e-02,2.958981139656516324e-02,0.000000000000000000e+00,1.116890985034906317e-02,2.837305851176012000e-02,2.051745499895741773e-02,8.056941747276650037e-03
2.794026408929290578e-02,3.752793931029008850e-02,9.960239384461827897e-03,4.618583718896328988e-02,3.253910016546011225e-02,5.954431184354450589e-03,9.600954874762120464e-03,5.681553001415824700e-02,2.300523127374125287e-02,3.595235864349635019e-02,2.008604868288991346e-02,3.043078371590399872e-02,2.049581652070527407e-02,2.502091770887138536e-02,1.116890985034906317e-02,0.000000000000000000e+00,3.048275332978323329e-02,1.425788711866835673e-02,6.028181128030376743e-03
3.463971980022314406e-02,9.789426170224366230e-02,3.055314028988475455e-02,6.339383971184665845e-02,3.367767430805603673e-02,3.006512436374350269e-02,2.573977338262090509e-03,1.203685132766786105e-02,1.062545092417008057e-02,1.632963731242807401e-02,9.780102464489256672e-03,2.267456877989464797e-02,4.883969189395911265e-02,2.673485054280249143e-02,2.837305851176012000e-02,3.048275332978323329e-02,0.000000000000000000e+00,1.293282753603302027e-01,1.175537697230131032e-02
1.971786035774316173e-02,2.253947824264722691e-02,5.009233266369663568e-02,5.862978278864838799e-02,2.737617457657584574e-02,1.697482427931868570e-02,8.628860882652885159e-03,1.093139859543526722e-02,1.469336080904999620e-02,2.136682945489038615e-02,7.963011684252023839e-03,1.148421396915556662e-02,2.137926383706547848e-02,6.923138768965163801e-03,2.051745499895741773e-02,1.425788711866835673e-02,1.293282753603302027e-01,0.000000000000000000e+00,5.458833380887117594e-03
3.299792452504867954e-03,1.493887861164650173e-03,1.701413934383885773e-02,2.977295027042087348e-03,-1.063587131538338984e-03,1.202980879630721929e-02,1.835092047013717198e-02,1.250641253533429573e-02,5.795347659978200734e-03,2.948797473210034055e-03,7.079340620639851082e-03,3.518050697154301732e-03,4.959259229009021532e-03,9.800891655461997989e-03,8.056941747276650037e-03,6.028181128030376743e-03,1.175537697230131032e-02,5.458833380887117594e-03,0.000000000000000000e+00
