0.000000000000000000e+00,-1.119253845081798898e-02,1.176317742718966941e-01,9.915803420925592068e-03,5.968043487275994513e-02,2.772711061436296601e-02,4.675797273972954332e-02,3.544588877738918259e-02,5.635882366795402776e-02,7.659492384952173820e-03,3.343340431086542358e-02,5.670161589829397775e-02,1.204041664525274703e-02,8.671280888262933306e-02,2.019642463241911462e-02,8.249776003704316352e-02,8.419623480924723347e-02,1.041914448100119683e-01,8.908497995896749733e-02
-1.119253845081798898e-02,0.000000000000000000e+00,1.010667143173827331e-01,4.452991255348034277e-02,5.372090479154095072e-02,1.005552781895384384e-02,2.560629075052288026e-02,6.281864422141880677e-02,4.002128413850843808e-02,2.655257401085834440e-02,6.725053429657772142e-02,3.684262797233456288e-02,2.701905958004929831e-03,7.323794871477583290e-02,1.789182092716376862e-02,1.036775765203968719e-01,1.169103879447912081e-01,1.001095888554014574e-01,5.954747300980584718e-02
1.176317742718966941e-01,1.010667143173827331e-01,0.000000000000000000e+00,4.988115112520030009e-02,9.914408973544421022e-02,2.304409269066370891e-02,1.169231174613519775e-01,3.388246856825313791e-02,1.893678806337831533e-01,1.773535245543389205e-01,6.299506355912941336e-02,3.179514052360808696e-02,4.282033351122815218e-02,7.264850830956061378e-02,2.849479497948651657e-02,4.341851438124634532e-02,5.192499898961911581e-02,1.290464523546515085e-01,2.563763723835402186e-01
9.915803420925592068e-03,4.452991255348034277e-02,4.988115112520030009e-02,0.000000000000000000e+00,1.209976107229592812e-01,2.748831631096197020e-02,8.895326308815493244e-02,1.011825111481293032e-01,1.471673839365559289e-01,1.296987292130978749e-02,8.618830585326711646e-03,4.699549996873695484e-02,-7.658313658424138921e-04,8.617729566340319447e-03,3.102734888315468714e-03,2.152438504575916456e-01,4.669341682929044335e-02,2.186274011950183616e-01,1.454172066684957521e-01
5.968043487275994513e-02,5.372090479154095072e-02,9.914408973544421022e-02,1.209976107229592812e-01,0.000000000000000000e+00,1.707476620001593601e-02,9.220442479209089992e-02,8.101224328831768684e-02,7.732903724575863891e-02,2.332668930431837373e-01,7.481286334579738406e-02,1.787820841958756221e-02,2.206534421798663631e-02,7.892799274008753529e-02,8.030797551402373002e-02,3.867451174485957849e-02,1.159073799830411811e-01,1.972093746808355197e-02,2.327136354880420810e-01
2.772711061436296601e-02,1.005552781895384384e-02,2.304409269066370891e-02,2.748831631096197020e-02,1.707476620001593601e-02,0.000000000000000000e+00,2.933650428915070274e-02,1.722015838019706202e-01,5.166842997690045125e-02,1.102988156365987821e-01,2.990944173747546800e-02,1.867041610963515036e-02,1.193257530899220244e-02,8.677515128694773816e-02,2.178811917042753829e-02,2.454371415925982458e-01,2.347858218648767731e-02,6.578244417909512309e-02,1.921728320132011503e-02
4.675797273972954332e-02,2.560629075052288026e-02,1.169231174613519775e-01,8.895326308815493244e-02,9.220442479209089992e-02,2.933650428915070274e-02,0.000000000000000000e+00,1.026395344568566959e-01,1.702310916977674282e-01,1.812457912779714686e-01,7.501989247077453515e-02,1.780706906659373576e-02,3.710206633810003707e-02,4.112431689548484010e-03,9.194944299775031915e-02,1.590345419002312521e-01,1.181961485945583062e-01,1.110834580964348700e-01,1.049033607553579404e-02
3.544588877738918259e-02,6.281864422141880677e-02,3.388246856825313791e-02,1.011825111481293032e-01,8.101224328831768684e-02,1.722015838019706202e-01,1.026395344568566959e-01,0.000000000000000000e+00,7.886574684187400153e-02,2.255537659127234140e-01,9.193686083938041806e-03,8.897556643578259650e-02,4.209893176347991907e-03,1.233119960909866974e-01,2.623510634759996379e-02,9.107593830964141879e-02,1.640468587714547996e-02,7.548077421232543549e-02,2.267040362200229142e-01
5.635882366795402776e-02,4.002128413850843808e-02,1.893678806337831533e-01,1.471673839365559289e-01,7.732903724575863891e-02,5.166842997690045125e-02,1.702310916977674282e-01,7.886574684187400153e-02,0.000000000000000000e+00,9.462572753027698180e-02,7.247537918565379045e-02,2.033774133415316293e-02,1.764248145125904294e-03,1.154772003592131890e-02,2.847757836480577787e-01,1.766519114656918965e-01,2.007862076921447247e-01,2.153545909369889988e-01,9.926421545202003538e-02
7.659492384952173820e-03,2.655257401085834440e-02,1.773535245543389205e-01,1.296987292130978749e-02,2.332668930431837373e-01,1.102988156365987821e-01,1.812457912779714686e-01,2.255537659127234140e-01,9.462572753027698180e-02,0.000000000000000000e+00,4.418539443331816891e-02,1.280579886860299388e-01,2.986475625573136242e-02,1.340201695283787242e-01,1.237655940995675656e-02,3.472881770927012668e-01,7.787135201444551902e-02,3.065119895430293839e-01,3.252356049253690151e-01
3.343340431086542358e-02,6.725053429657772142e-02,6.299506355912941336e-02,8.618830585326711646e-03,7.481286334579738406e-02,2.990944173747546800e-02,7.501989247077453515e-02,9.193686083938041806e-03,7.247537918565379045e-02,4.418539443331816891e-02,0.000000000000000000e+00,4.334237115777943294e-02,2.352954115551500469e-02,8.248223578236894837e-02,1.774077432599897863e-02,6.427442585999888769e-02,1.474270872870164090e-02,1.091158942086523642e-01,1.499520832283422755e-01
5.670161589829397775e-02,3.684262797233456288e-02,3.179514052360808696e-02,4.699549996873695484e-02,1.787820841958756221e-02,1.867041610963515036e-02,1.780706906659373576e-02,8.897556643578259650e-02,2.033774133415316293e-02,1.280579886860299388e-01,4.334237115777943294e-02,0.000000000000000000e+00,1.229423169104670692e-02,1.042199863490863715e-01,3.021028453068921871e-02,9.398688555679945988e-02,5.461281029206738191e-02,6.134094069579125452e-02,2.953690417077128524e-02
1.204041664525274703e-02,2.701905958004929831e-03,4.282033351122815218e-02,-7.658313658424138921e-04,2.206534421798663631e-02,1.193257530899220244e-02,3.710206633810003707e-02,4.209893176347991907e-03,1.764248145125904294e-03,2.986475625573136242e-02,2.352954115551500469e-02,1.229423169104670692e-02,0.000000000000000000e+00,9.855582632953729938e-02,1.410999673569214297e-01,3.188048231985346481e-02,1.855835504007707221e-02,5.393976621717818526e-02,8.369149213653045982e-02
8.671280888262933306e-02,7.323794871477583290e-02,7.264850830956061378e-02,8.617729566340319447e-03,7.892799274008753529e-02,8.677515128694773816e-02,4.112431689548484010e-03,1.233119960909866974e-01,1.154772003592131890e-02,1.340201695283787242e-01,8.248223578236894837e-02,1.042199863490863715e-01,9.855582632953729938e-02,0.000000000000000000e+00,4.764490034856840722e-02,2.154466122301996744e-01,5.598242617531107301e-02,5.121408724311554000e-02,8.483343201644994933e-03
2.019642463241911462e-02,1.789182092716376862e-02,2.849479497948651657e-02,3.102734888315468714e-03,8.030797551402373002e-02,2.178811917042753829e-02,9.194944299775031915e-02,2.623510634759996379e-02,2.847757836480577787e-01,1.237655940995675656e-02,1.774077432599897863e-02,3.021028453068921871e-02,1.410999673569214297e-01,4.764490034856840722e-02,0.000000000000000000e+00,2.739108040144950032e-02,1.980776492370762629e-02,7.875619406578027171e-02,2.583912713742135200e-02
8.249776003704316352e-02,1.036775765203968719e-01,4.341851438124634532e-02,2.152438504575916456e-01,3.867451174485957849e-02,2.454371415925982458e-01,1.590345419002312521e-01,9.107593830964141879e-02,1.766519114656918965e-01,3.472881770927012668e-01,6.427442585999888769e-02,9.398688555679945988e-02,3.188048231985346481e-02,2.154466122301996744e-01,2.739108040144950032e-02,0.000000000000000000e+00,8.731484713146198118e-02,2.464423340996874101e-02,2.435155600618231497e-01
8.419623480924723347e-02,1.169103879447912081e-01,5.192499898961911581e-02,4.669341682929044335e-02,1.159073799830411811e-01,2.347858218648767731e-02,1.181961485945583062e-01,1.640468587714547996e-02,2.007862076921447247e-01,7.787135201444551902e-02,1.474270872870164090e-02,5.461281029206738191e-02,1.855835504007707221e-02,5.598242617531107301e-02,1.980776492370762629e-02,8.731484713146198118e-02,0.000000000000000000e+00,2.096181647857458530e-01,2.042081615813858830e-01
1.041914448100119683e-01,1.001095888554014574e-01,1.290464523546515085e-01,2.186274011950183616e-01,1.972093746808355197e-02,6.578244417909512309e-02,1.110834580964348700e-01,7.548077421232543549e-02,2.153545909369889988e-01,3.065119895430293839e-01,1.091158942086523642e-01,6.134094069579125452e-02,5.393976621717818526e-02,5.121408724311554000e-02,7.875619406578027171e-02,2.464423340996874101e-02,2.096181647857458530e-01,0.000000000000000000e+00,2.232936081331406419e-01
8.908497995896749733e-02,5.954747300980584718e-02,2.563763723835402186e-01,1.454172066684957521e-01,2.327136354880420810e-01,1.921728320132011503e-02,1.049033607553579404e-02,2.267040362200229142e-01,9.926421545202003538e-02,3.252356049253690151e-01,1.499520832283422755e-01,2.953690417077128524e-02,8.369149213653045982e-02,8.483343201644994933e-03,2.583912713742135200e-02,2.435155600618231497e-01,2.042081615813858830e-01,2.232936081331406419e-01,0.000000000000000000e+00
