0.000000000000000000e+00,2.117888706127204687e-02,2.671433165745741752e-03,8.688452609659112411e-03,4.295337000749687405e-03,7.937095516923528202e-03,9.284073157061398934e-03,1.700458822893991667e-02,1.304701135622154777e-02,4.174013096645543680e-02,5.557423524377705024e-03,2.318471715473808398e-02,1.606772178402636475e-02,5.353174864435075037e-02,1.996550997137952130e-02,3.214481054766885754e-02,3.972968457783533636e-03,1.373139668286611770e-02,1.104362590663431586e-02
2.117888706127204687e-02,0.000000000000000000e+00,8.299438089041672600e-03,3.720945856720962210e-03,1.968554894831770115e-04,3.319998336665206783e-03,4.275188737115555304e-03,1.195779303615344610e-02,1.086393866479513741e-02,3.597526835156909103e-02,1.918211102612095431e-02,1.705697999353708583e-02,1.332645215166491232e-02,3.672379780556118967e-02,1.183554750697669161e-02,2.633922846049367369e-02,-1.795042748842718902e-03,5.065022626399891779e-03,4.993475138221935457e-03
2.671433165745741752e-03,8.299438089041672600e-03,0.000000000000000000e+00,1.678795927266901744e-02,2.965539998117376966e-02,2.042070191899970563e-02,2.643418909133693484e-02,2.131613496650078612e-02,1.543034568478479814e-02,4.055102215997579557e-02,2.348078795846669786e-02,1.042096408187251008e-02,2.143354316710238683e-02,2.635165729228779521e-02,3.019760030930076708e-02,1.663528002023902108e-02,1.740538186072216123e-02,3.044932161998356590e-02,2.312275045673899132e-02
8.688452609659112411e-03,3.720945856720962210e-03,1.678795927266901744e-02,0.000000000000000000e+00,4.005825039032160501e-03,9.586871348226675207e-03,4.196780320541167175e-03,6.077277371069981018e-03,1.818512837265305257e-03,2.480753618599471425e-02,2.201932374481726379e-02,3.604829779093988041e-03,1.003563480108698308e-02,3.185152099431709082e-03,6.978243469600820328e-03,1.484248710360919470e-03,-1.841277531970566227e-03,1.233641286128394493e-02,7.218795287922329280e-03
4.295337000749687405e-03,1.968554894831770115e-04,2.965539998117376966e-02,4.005825039032160501e-03,0.000000000000000000e+00,2.405541226578906001e-04,2.231432631190426868e-02,3.050489956873048223e-03,4.391584286324782919e-03,2.558426875174349413e-02,2.732611352693189999e-02,4.774537758395960320e-03,2.093065918579620904e-02,5.213135276040600785e-03,2.665434653403146725e-02,8.261063501918498864e-03,1.016035665755859498e-02,9.859208050015902391e-03,9.759558517059535587e-03
7.937095516923528202e-03,3.319998336665206783e-03,2.042070191899970563e-02,9.586871348226675207e-03,2.405541226578906001e-04,0.000000000000000000e+00,4.033505436749442764e-03,-6.330120048739144509e-03,-4.735826225435231518e-03,9.812283032684181519e-03,2.068224239701754036e-02,6.643195690050432770e-03,1.230059026119015991e-02,1.218495821873001768e-02,1.005845420409919380e-02,4.161800382764394186e-03,8.726359562677678261e-03,-3.050772614398118525e-03,1.346760110788635713e-04
9.284073157061398934e-03,4.275188737115555304e-03,2.643418909133693484e-02,4.196780320541167175e-03,2.231432631190426868e-02,4.033505436749442764e-03,0.000000000000000000e+00,8.272764924884119103e-03,-9.082260144462589013e-04,2.475021763644263614e-02,2.415008346198274994e-02,1.736560256159982172e-03,3.898576839483407913e-02,-1.048043507222224096e-03,2.490367884252150943e-02,1.105407057841988235e-02,1.163275451006114646e-02,1.910267162830850754e-02,2.668658795611289145e-02
1.700458822893991667e-02,1.195779303615344610e-02,2.131613496650078612e-02,6.077277371069981018e-03,3.050489956873048223e-03,-6.330120048739144509e-03,8.272764924884119103e-03,0.000000000000000000e+00,-2.459951522327697305e-03,3.153757113879964574e-02,2.445460248812520582e-02,9.537107673756482426e-03,2.181049476968818096e-02,2.186605913350018332e-02,2.115932759047232242e-02,2.673057168438452633e-02,7.838635311394743371e-03,-2.491485118008519069e-03,5.755326805934911534e-03
1.304701135622154777e-02,1.086393866479513741e-02,1.543034568478479814e-02,1.818512837265305257e-03,4.391584286324782919e-03,-4.735826225435231518e-03,-9.082260144462589013e-04,-2.459951522327697305e-03,0.000000000000000000e+00,1.594944697072387188e-02,2.020531856826325579e-02,2.634377650257068056e-03,2.328780687303355287e-02,3.022069841937711880e-03,1.052339061126997440e-02,4.293488862240397823e-03,4.545412953670716592e-03,1.183102779528044006e-03,5.504562241535368265e-03
4.174013096645543680e-02,3.597526835156909103e-02,4.055102215997579557e-02,2.480753618599471425e-02,2.558426875174349413e-02,9.812283032684181519e-03,2.475021763644263614e-02,3.153757113879964574e-02,1.594944697072387188e-02,0.000000000000000000e+00,4.388689264840053839e-02,2.746851704471344260e-02,3.763498196370533566e-02,1.540546943281959416e-02,3.362141036909180314e-02,1.275505675313231072e-02,2.818799732420082874e-02,1.827522753439472791e-02,2.284709177873990235e-02
5.557423524377705024e-03,1.918211102612095431e-02,2.348078795846669786e-02,2.201932374481726379e-02,2.732611352693189999e-02,2.068224239701754036e-02,2.415008346198274994e-02,2.445460248812520582e-02,2.020531856826325579e-02,4.388689264840053839e-02,0.000000000000000000e+00,2.136422004206282171e-02,2.921264436254790778e-02,4.264838767596983854e-02,4.032761943042902780e-02,3.215937853403525587e-02,2.134017879755372576e-02,2.717010940146283998e-02,2.331949856570424487e-02
2.318471715473808398e-02,1.705697999353708583e-02,1.042096408187251008e-02,3.604829779093988041e-03,4.774537758395960320e-03,6.643195690050432770e-03,1.736560256159982172e-03,9.537107673756482426e-03,2.634377650257068056e-03,2.746851704471344260e-02,2.136422004206282171e-02,0.000000000000000000e+00,1.326675908313431317e-02,4.240080367292785313e-02,5.447495189145994121e-03,2.162185016657315259e-02,1.633917635667003982e-03,7.342873796345605539e-03,3.189726852477344290e-03
1.606772178402636475e-02,1.332645215166491232e-02,2.143354316710238683e-02,1.003563480108698308e-02,2.093065918579620904e-02,1.230059026119015991e-02,3.898576839483407913e-02,2.181049476968818096e-02,2.328780687303355287e-02,3.763498196370533566e-02,2.921264436254790778e-02,1.326675908313431317e-02,0.000000000000000000e+00,2.778304527870611301e-02,4.296135806462011986e-02,4.336188772540709724e-02,1.031568943741270616e-02,1.520404642972138926e-02,2.247726517249001507e-02
5.353174864435075037e-02,3.672379780556118967e-02,2.635165729228779521e-02,3.185152099431709082e-03,5.213135276040600785e-03,1.218495821873001768e-02,-1.048043507222224096e-03,2.186605913350018332e-02,3.022069841937711880e-03,1.540546943281959416e-02,4.264838767596983854e-02,4.240080367292785313e-02,2.778304527870611301e-02,0.000000000000000000e+00,-3.007288000548468738e-05,5.705388143078741342e-02,3.209452765116638673e-03,-3.273090051308151505e-03,6.259758549924961286e-03
1.996550997137952130e-02,1.183554750697669161e-02,3.019760030930076708e-02,6.978243469600820328e-03,2.665434653403146725e-02,1.005845420409919380e-02,2.490367884252150943e-02,2.115932759047232242e-02,1.052339061126997440e-02,3.362141036909180314e-02,4.032761943042902780e-02,5.447495189145994121e-03,4.296135806462011986e-02,-3.007288000548468738e-05,0.000000000000000000e+00,2.492514600627767501e-02,1.090209957149497824e-02,1.330194422438950828e-02,2.678463071105993687e-02
3.214481054766885754e-02,2.633922846049367369e-02,1.663528002023902108e-02,1.484248710360919470e-03,8.261063501918498864e-03,4.161800382764394186e-03,1.105407057841988235e-02,2.673057168438452633e-02,4.293488862240397823e-03,1.275505675313231072e-02,3.215937853403525587e-02,2.162185016657315259e-02,4.336188772540709724e-02,5.705388143078741342e-02,2.492514600627767501e-02,0.000000000000000000e+00,2.583581393897240504e-03,1.710296104059476135e-03,1.364208921559135687e-02
3.972968457783533636e-03,-1.795042748842718902e-03,1.740538186072216123e-02,-1.841277531970566227e-03,1.016035665755859498e-02,8.726359562677678261e-03,1.163275451006114646e-02,7.838635311394743371e-03,4.545412953670716592e-03,2.818799732420082874e-02,2.134017879755372576e-02,1.633917635667003982e-03,1.031568943741270616e-02,3.209452765116638673e-03,1.090209957149497824e-02,2.583581393897240504e-03,0.000000000000000000e+00,2.275480131112588358e-02,1.277215045240187412e-02
1.373139668286611770e-02,5.065022626399891779e-03,3.044932161998356590e-02,1.233641286128394493e-02,9.859208050015902391e-03,-3.050772614398118525e-03,1.910267162830850754e-02,-2.491485118008519069e-03,1.183102779528044006e-03,1.827522753439472791e-02,2.717010940146283998e-02,7.342873796345605539e-03,1.520404642972138926e-02,-3.273090051308151505e-03,1.330194422438950828e-02,1.710296104059476135e-03,2.275480131112588358e-02,0.000000000000000000e+00,1.089455153226503818e-02
1.104362590663431586e-02,4.993475138221935457e-03,2.312275045673899132e-02,7.218795287922329280e-03,9.759558517059535587e-03,1.346760110788635713e-04,2.668658795611289145e-02,5.755326805934911534e-03,5.504562241535368265e-03,2.284709177873990235e-02,2.331949856570424487e-02,3.189726852477344290e-03,2.247726517249001507e-02,6.259758549924961286e-03,2.678463071105993687e-02,1.364208921559135687e-02,1.277215045240187412e-02,1.089455153226503818e-02,0.000000000000000000e+00
