0.000000000000000000e+00,1.758281284641961470e-02,4.421074865441765311e-02,3.473042332141212940e-02,2.354493196294600577e-02,2.201856034515698932e-02,2.083623118572591401e-02,3.330091406213190469e-02,1.143332606376004645e-02,2.175494345726794801e-02,2.342319053933979850e-02,2.227822262009875043e-02,1.570946963066095076e-02,2.367608507954043276e-02,1.519462384547208729e-02,2.671307765332491327e-02,3.434424715558074409e-02,3.550639860387527769e-02,3.003077929905116975e-02
1.758281284641961470e-02,0.000000000000000000e+00,3.304104833939420366e-02,5.219364120778990229e-02,9.586799096754297297e-03,6.559847942465424006e-03,1.769922893537193703e-02,2.320415418660587425e-02,1.139922153299565040e-02,1.740889396698289820e-02,3.296691584943540337e-02,1.102963377052079003e-02,1.734539649947262202e-02,1.751957262820057204e-02,2.493856633552303873e-02,2.750444382129432763e-02,7.897739743105322563e-02,2.431405197000913523e-02,1.599090046211115376e-02
4.421074865441765311e-02,3.304104833939420366e-02,0.000000000000000000e+00,1.147741842420362153e-02,1.184163773473090840e-02,8.814220596482796530e-03,1.006003461714337181e-02,1.803310289283516221e-02,7.041236554026710989e-03,1.263921793159796837e-02,2.429019977993158302e-02,1.641998131351875626e-02,1.843924332653776310e-02,1.311644466623976962e-02,2.655110579268114401e-03,1.296175570718452810e-02,1.301824130082218471e-02,1.828669074925488511e-02,2.047877713737289093e-02
3.473042332141212940e-02,5.219364120778990229e-02,1.147741842420362153e-02,0.000000000000000000e+00,-1.964182374070766197e-03,3.994321777646255012e-03,-1.185748656096193574e-03,2.034433804123866180e-02,4.204718751482388120e-03,1.757526552042067494e-02,1.320676303597762523e-02,2.531607214961469760e-02,8.305132567918458580e-03,1.396491829613051225e-02,-4.013669279350724067e-03,1.863684039947992657e-02,5.677902770394071749e-03,4.559388841727760890e-04,3.980614864835439748e-03
2.354493196294600577e-02,9.586799096754297297e-03,1.184163773473090840e-02,-1.964182374070766197e-03,0.000000000000000000e+00,1.007658952786126202e-02,9.766595521721013057e-03,1.726591188603353658e-02,6.390154260304609785e-03,1.492771873466798398e-02,2.098328257154091422e-02,1.193872267166572188e-02,8.374287219601041568e-03,3.292862764648622331e-03,4.020942259140213200e-03,8.822932374032031386e-03,-3.894668727063217793e-03,3.349311322593927047e-03,1.106469245636106449e-02
2.201856034515698932e-02,6.559847942465424006e-03,8.814220596482796530e-03,3.994321777646255012e-03,1.007658952786126202e-02,0.000000000000000000e+00,-1.065250050596935232e-04,1.144503497548344899e-02,3.831857547177290168e-03,1.658218999513690062e-02,1.481184385048867590e-02,2.468648488687228901e-02,1.186889110146456192e-02,2.905226462485973899e-03,5.317082302328328923e-04,7.681945100400167266e-03,4.092290909467371368e-03,-2.200151534893850203e-04,-1.306283248024147324e-03
2.083623118572591401e-02,1.769922893537193703e-02,1.006003461714337181e-02,-1.185748656096193574e-03,9.766595521721013057e-03,-1.065250050596935232e-04,0.000000000000000000e+00,8.448893968960232218e-03,4.592969340946960466e-03,1.811484697120047463e-02,2.848418860374233100e-02,1.084707148415341160e-02,1.421523336486378054e-02,1.013505746840931161e-04,1.198515612092904657e-02,5.115931515652109331e-03,-5.681242145735502635e-04,-2.824638563703103702e-03,1.350650282899315026e-02
3.330091406213190469e-02,2.320415418660587425e-02,1.803310289283516221e-02,2.034433804123866180e-02,1.726591188603353658e-02,1.144503497548344899e-02,8.448893968960232218e-03,0.000000000000000000e+00,5.105454030842519232e-03,1.699597758548624868e-02,1.814628517665949070e-02,2.824302325742426151e-02,1.772905926508024782e-02,1.082658760019505027e-02,8.365341225735100847e-03,3.480946098572479993e-03,1.334757295397371625e-02,2.003229198913699174e-02,9.885331308850912532e-03
1.143332606376004645e-02,1.139922153299565040e-02,7.041236554026710989e-03,4.204718751482388120e-03,6.390154260304609785e-03,3.831857547177290168e-03,4.592969340946960466e-03,5.105454030842519232e-03,0.000000000000000000e+00,3.660454653999857533e-02,1.885078821210365435e-02,7.153372246895084961e-03,1.343576335230467489e-02,6.032537557434713114e-03,2.027589610693067076e-02,1.672429916429454821e-02,-2.000341032292570002e-05,-2.619803128424912607e-04,6.007279074368017738e-03
2.175494345726794801e-02,1.740889396698289820e-02,1.263921793159796837e-02,1.757526552042067494e-02,1.492771873466798398e-02,1.658218999513690062e-02,1.811484697120047463e-02,1.699597758548624868e-02,3.660454653999857533e-02,0.000000000000000000e+00,1.179743638583813023e-02,2.427851774343136107e-02,1.633181183395808478e-02,1.976051170226685375e-02,1.448142705888596192e-02,2.873193966637629937e-02,1.028213634842777523e-02,1.406688987332794204e-02,1.639664147879007008e-02
2.342319053933979850e-02,3.296691584943540337e-02,2.429019977993158302e-02,1.320676303597762523e-02,2.098328257154091422e-02,1.481184385048867590e-02,2.848418860374233100e-02,1.814628517665949070e-02,1.885078821210365435e-02,1.179743638583813023e-02,0.000000000000000000e+00,2.286864946324271633e-02,1.582681686784619471e-03,1.328850186664493581e-02,2.844364917864715750e-02,1.334277592063509189e-02,6.612334908670503518e-03,1.665282097052720595e-02,1.783055256952019094e-02
2.227822262009875043e-02,1.102963377052079003e-02,1.641998131351875626e-02,2.531607214961469760e-02,1.193872267166572188e-02,2.468648488687228901e-02,1.084707148415341160e-02,2.824302325742426151e-02,7.153372246895084961e-03,2.427851774343136107e-02,2.286864946324271633e-02,0.000000000000000000e+00,2.505871487820606619e-02,2.403389087968827581e-02,4.536667366551171664e-03,2.602641773999711181e-02,3.026673355837940921e-02,1.705827211782019043e-02,1.710149937955738469e-02
1.570946963066095076e-02,1.734539649947262202e-02,1.843924332653776310e-02,8.305132567918458580e-03,8.374287219601041568e-03,1.186889110146456192e-02,1.421523336486378054e-02,1.772905926508024782e-02,1.343576335230467489e-02,1.633181183395808478e-02,1.582681686784619471e-03,2.505871487820606619e-02,0.000000000000000000e+00,1.505415798023464202e-02,5.657807662769468587e-03,1.525249974478782439e-02,1.671074259861956429e-02,1.034138004910280413e-02,1.502115560452414733e-02
2.367608507954043276e-02,1.751957262820057204e-02,1.311644466623976962e-02,1.396491829613051225e-02,3.292862764648622331e-03,2.905226462485973899e-03,1.013505746840931161e-04,1.082658760019505027e-02,6.032537557434713114e-03,1.976051170226685375e-02,1.328850186664493581e-02,2.403389087968827581e-02,1.505415798023464202e-02,0.000000000000000000e+00,9.385743729830144447e-04,1.628382791606070717e-02,9.330832893916124124e-03,4.267235478392657601e-05,-3.234859887092272120e-04
1.519462384547208729e-02,2.493856633552303873e-02,2.655110579268114401e-03,-4.013669279350724067e-03,4.020942259140213200e-03,5.317082302328328923e-04,1.198515612092904657e-02,8.365341225735100847e-03,2.027589610693067076e-02,1.448142705888596192e-02,2.844364917864715750e-02,4.536667366551171664e-03,5.657807662769468587e-03,9.385743729830144447e-04,0.000000000000000000e+00,4.904049208491333307e-03,-2.185530175376267092e-03,3.768425003289618087e-04,1.219210760165535291e-02
2.671307765332491327e-02,2.750444382129432763e-02,1.296175570718452810e-02,1.863684039947992657e-02,8.822932374032031386e-03,7.681945100400167266e-03,5.115931515652109331e-03,3.480946098572479993e-03,1.672429916429454821e-02,2.873193966637629937e-02,1.334277592063509189e-02,2.602641773999711181e-02,1.525249974478782439e-02,1.628382791606070717e-02,4.904049208491333307e-03,0.000000000000000000e+00,1.152475445165243237e-02,7.288849184798352858e-03,3.990108465645105830e-03
3.434424715558074409e-02,7.897739743105322563e-02,1.301824130082218471e-02,5.677902770394071749e-03,-3.894668727063217793e-03,4.092290909467371368e-03,-5.681242145735502635e-04,1.334757295397371625e-02,-2.000341032292570002e-05,1.028213634842777523e-02,6.612334908670503518e-03,3.026673355837940921e-02,1.671074259861956429e-02,9.330832893916124124e-03,-2.185530175376267092e-03,1.152475445165243237e-02,0.000000000000000000e+00,4.361325227040391793e-03,7.378070714914149175e-03
3.550639860387527769e-02,2.431405197000913523e-02,1.828669074925488511e-02,4.559388841727760890e-04,3.349311322593927047e-03,-2.200151534893850203e-04,-2.824638563703103702e-03,2.003229198913699174e-02,-2.619803128424912607e-04,1.406688987332794204e-02,1.665282097052720595e-02,1.705827211782019043e-02,1.034138004910280413e-02,4.267235478392657601e-05,3.768425003289618087e-04,7.288849184798352858e-03,4.361325227040391793e-03,0.000000000000000000e+00,9.233925347137872733e-03
3.003077929905116975e-02,1.599090046211115376e-02,2.047877713737289093e-02,3.980614864835439748e-03,1.106469245636106449e-02,-1.306283248024147324e-03,1.350650282899315026e-02,9.885331308850912532e-03,6.007279074368017738e-03,1.639664147879007008e-02,1.783055256952019094e-02,1.710149937955738469e-02,1.502115560452414733e-02,-3.234859887092272120e-04,1.219210760165535291e-02,3.990108465645105830e-03,7.378070714914149175e-03,9.233925347137872733e-03,0.000000000000000000e+00
