0.000000000000000000e+00,-1.517427263163125505e-02,1.098991943417826356e-01,5.802754364597177694e-02,4.202342170200866478e-02,1.660965582663280760e-01,3.492626026718429616e-02,1.772250169701434785e-01,3.466725028978324963e-02,1.726980752293132970e-01,6.197448860776546978e-04,-5.404575256607294445e-03,-1.501436750739133710e-03,1.726952735397990213e-01,1.726937275598746102e-01,1.126420510598607691e-02,1.599691214715474596e-01,7.293638306625213619e-02,1.485651466773657003e-01
-1.517427263163125505e-02,0.000000000000000000e+00,7.954233564440368887e-02,1.999818549583007032e-01,1.338702237545155993e-01,3.108806737080433910e-02,1.209170028767575511e-01,1.516879798558325443e-01,1.023144087476627051e-01,2.274261190570567026e-01,-6.707531025899171780e-03,1.491026268235331673e-02,-1.233002979855843742e-02,2.274249301437032966e-01,2.274241473719866291e-01,3.059800637252093128e-02,1.731680758488653438e-01,3.370195925951272736e-02,1.670130520871360991e-01
1.098991943417826356e-01,7.954233564440368887e-02,0.000000000000000000e+00,-7.554435762942880717e-03,1.755992411931043551e-01,7.531402052033892014e-02,2.497190359369538121e-02,1.670889622100824382e-02,2.567417253823508355e-02,4.113268436667287531e-02,2.616230005906174452e-02,2.284306900153305897e-03,2.994364172307588737e-02,4.113502773299888837e-02,4.113498940710268170e-02,5.738475747878364619e-02,8.424916856281430486e-03,7.650268733802653709e-02,2.920392497038918483e-02
5.802754364597177694e-02,1.999818549583007032e-01,-7.554435762942880717e-03,0.000000000000000000e+00,1.700951035844737169e-01,1.121610922121207554e-01,8.697387565355883809e-02,9.284588911453657556e-02,2.719204871031381462e-02,1.568339230227056569e-01,6.867202974831618234e-02,2.399468104685387182e-02,4.530177279395994350e-02,1.568377418974454263e-01,1.568335692101008871e-01,4.379002993295609547e-02,-1.064293316789494473e-02,5.451545522808443067e-02,1.053572986680063606e-01
4.202342170200866478e-02,1.338702237545155993e-01,1.755992411931043551e-01,1.700951035844737169e-01,0.000000000000000000e+00,-1.559019162269785833e-02,9.331172439574894617e-02,-3.272750698786771988e-03,9.199023104267982365e-02,1.878167318863352697e-01,1.673042880494262086e-01,1.445772668187928767e-01,1.479739969392696586e-01,1.878165515705107480e-01,1.878181627524416752e-01,1.495167109357424251e-01,3.662299662675981837e-01,1.981124788667067427e-01,-2.020293785078555726e-02
1.660965582663280760e-01,3.108806737080433910e-02,7.531402052033892014e-02,1.121610922121207554e-01,-1.559019162269785833e-02,0.000000000000000000e+00,3.972608552177353536e-02,4.298623828801451108e-02,6.353170719126888244e-02,1.116973699659102870e-01,1.232871321135767806e-01,4.588158664849622571e-03,9.224192810545886467e-02,1.116936735112330770e-01,1.116917812398995624e-01,9.133787761104555925e-02,2.517317026980420702e-01,1.088761437683216232e-01,-2.521602871797091680e-02
3.492626026718429616e-02,1.209170028767575511e-01,2.497190359369538121e-02,8.697387565355883809e-02,9.331172439574894617e-02,3.972608552177353536e-02,0.000000000000000000e+00,-1.703206085996878533e-02,1.563248267082593679e-01,1.873032808235344099e-02,9.528469993180521680e-02,3.598143513581839731e-02,6.124440853673628060e-02,1.873187044488575093e-02,1.873270576517676103e-02,2.877075204060411395e-02,1.390714591239409770e-01,9.406137335161404711e-02,3.209208530770926021e-02
1.772250169701434785e-01,1.516879798558325443e-01,1.670889622100824382e-02,9.284588911453657556e-02,-3.272750698786771988e-03,4.298623828801451108e-02,-1.703206085996878533e-02,0.000000000000000000e+00,-6.163664362641779575e-03,7.926723366290380074e-03,1.295111106896083275e-01,-9.767281414141690613e-03,5.329765754689914925e-02,7.924671041188092319e-03,7.923406984156413507e-03,-1.030223097351013438e-02,5.782047622194663727e-02,9.356821870106609568e-03,-1.898381922466350902e-02
3.466725028978324963e-02,1.023144087476627051e-01,2.567417253823508355e-02,2.719204871031381462e-02,9.199023104267982365e-02,6.353170719126888244e-02,1.563248267082593679e-01,-6.163664362641779575e-03,0.000000000000000000e+00,4.729266313919552184e-02,5.146313221574109337e-03,-3.751042598817067118e-03,-2.054153829666620010e-02,4.728984897244213614e-02,4.729035850232480437e-02,-1.134115102772055052e-02,4.912024380301143953e-03,2.000498050522217346e-03,-9.418744791466340111e-03
1.726980752293132970e-01,2.274261190570567026e-01,4.113268436667287531e-02,1.568339230227056569e-01,1.878167318863352697e-01,1.116973699659102870e-01,1.873032808235344099e-02,7.926723366290380074e-03,4.729266313919552184e-02,0.000000000000000000e+00,1.203945247182251210e-01,4.908047878515647833e-02,1.029686741721493187e-01,1.239791212587133262e-01,-2.871198110930128777e-02,2.987445737507613691e-02,2.248208788379951473e-01,1.342815738945203896e-01,4.081968582115278604e-02
6.197448860776546978e-04,-6.707531025899171780e-03,2.616230005906174452e-02,6.867202974831618234e-02,1.673042880494262086e-01,1.232871321135767806e-01,9.528469993180521680e-02,1.295111106896083275e-01,5.146313221574109337e-03,1.203945247182251210e-01,0.000000000000000000e+00,2.430280846746853476e-02,-1.460251587265972220e-02,1.203939854272155496e-01,1.203944366049084502e-01,-9.880531884751872149e-03,9.092328314013234380e-02,6.186869382147934526e-02,1.971064016595684698e-01
-5.404575256607294445e-03,1.491026268235331673e-02,2.284306900153305897e-03,2.399468104685387182e-02,1.445772668187928767e-01,4.588158664849622571e-03,3.598143513581839731e-02,-9.767281414141690613e-03,-3.751042598817067118e-03,4.908047878515647833e-02,2.430280846746853476e-02,0.000000000000000000e+00,-1.084391271825189268e-02,4.908019064370823525e-02,4.908111282471276648e-02,-9.044727754294528549e-03,7.948562063913190701e-02,6.967550570108736567e-03,-2.918819385147182390e-03
-1.501436750739133710e-03,-1.233002979855843742e-02,2.994364172307588737e-02,4.530177279395994350e-02,1.479739969392696586e-01,9.224192810545886467e-02,6.124440853673628060e-02,5.329765754689914925e-02,-2.054153829666620010e-02,1.029686741721493187e-01,-1.460251587265972220e-02,-1.084391271825189268e-02,0.000000000000000000e+00,1.029676177303042034e-01,1.029665820656505970e-01,-7.949657071356528923e-03,7.806517224774986441e-02,2.683021619996995427e-02,5.686447150526217909e-02
1.726952735397990213e-01,2.274249301437032966e-01,4.113502773299888837e-02,1.568377418974454263e-01,1.878165515705107480e-01,1.116936735112330770e-01,1.873187044488575093e-02,7.924671041188092319e-03,4.728984897244213614e-02,1.239791212587133262e-01,1.203939854272155496e-01,4.908019064370823525e-02,1.029676177303042034e-01,0.000000000000000000e+00,8.272013517557834372e-02,2.987875853964774148e-02,2.248233152561137926e-01,1.342786523993943215e-01,4.081713792006257807e-02
1.726937275598746102e-01,2.274241473719866291e-01,4.113498940710268170e-02,1.568335692101008871e-01,1.878181627524416752e-01,1.116917812398995624e-01,1.873270576517676103e-02,7.923406984156413507e-03,4.729035850232480437e-02,-2.871198110930128777e-02,1.203944366049084502e-01,4.908111282471276648e-02,1.029665820656505970e-01,8.272013517557834372e-02,0.000000000000000000e+00,2.987979620558457033e-02,2.248232296233923511e-01,1.342800847725170721e-01,4.081697942117876871e-02
1.126420510598607691e-02,3.059800637252093128e-02,5.738475747878364619e-02,4.379002993295609547e-02,1.495167109357424251e-01,9.133787761104555925e-02,2.877075204060411395e-02,-1.030223097351013438e-02,-1.134115102772055052e-02,2.987445737507613691e-02,-9.880531884751872149e-03,-9.044727754294528549e-03,-7.949657071356528923e-03,2.987875853964774148e-02,2.987979620558457033e-02,0.000000000000000000e+00,2.640276903231882771e-02,1.318023039178321592e-03,-1.660110861417676137e-02
1.599691214715474596e-01,1.731680758488653438e-01,8.424916856281430486e-03,-1.064293316789494473e-02,3.662299662675981837e-01,2.517317026980420702e-01,1.390714591239409770e-01,5.782047622194663727e-02,4.912024380301143953e-03,2.248208788379951473e-01,9.092328314013234380e-02,7.948562063913190701e-02,7.806517224774986441e-02,2.248233152561137926e-01,2.248232296233923511e-01,2.640276903231882771e-02,0.000000000000000000e+00,1.809598695521773271e-01,9.727126180864281713e-02
7.293638306625213619e-02,3.370195925951272736e-02,7.650268733802653709e-02,5.451545522808443067e-02,1.981124788667067427e-01,1.088761437683216232e-01,9.406137335161404711e-02,9.356821870106609568e-03,2.000498050522217346e-03,1.342815738945203896e-01,6.186869382147934526e-02,6.967550570108736567e-03,2.683021619996995427e-02,1.342786523993943215e-01,1.342800847725170721e-01,1.318023039178321592e-03,1.809598695521773271e-01,0.000000000000000000e+00,1.297232474163434110e-02
1.485651466773657003e-01,1.670130520871360991e-01,2.920392497038918483e-02,1.053572986680063606e-01,-2.020293785078555726e-02,-2.521602871797091680e-02,3.209208530770926021e-02,-1.898381922466350902e-02,-9.418744791466340111e-03,4.081968582115278604e-02,1.971064016595684698e-01,-2.918819385147182390e-03,5.686447150526217909e-02,4.081713792006257807e-02,4.081697942117876871e-02,-1.660110861417676137e-02,9.727126180864281713e-02,1.297232474163434110e-02,0.000000000000000000e+00
