0.000000000000000000e+00,7.554970554014233189e-03,1.871766436148042737e-02,1.683772099514746143e-02,4.164887096171140946e-02,2.697903717380131100e-02,3.178511386016358298e-02,2.077598518806349215e-02,2.853292092058186489e-03,8.060310714032934559e-03,5.890043310380555647e-03,1.864095647299647898e-02,6.345389855990294162e-03,2.388410933793614147e-02,1.299172650585221807e-02,2.247221914446471611e-02,1.622114364245945406e-02,4.063389299216763756e-02,3.119992539865803355e-02
7.554970554014233189e-03,0.000000000000000000e+00,1.537579792999984457e-02,1.359860775049407527e-02,2.939140465919348744e-02,2.766250218429675348e-02,2.009019845595474973e-02,2.435508862542577757e-02,2.723243168927833718e-03,5.271054456385159542e-03,3.072187326552405437e-03,1.872091116221666698e-02,4.614868743758514247e-03,2.374321328231047273e-02,5.702650378034830950e-03,2.470112570443833491e-02,1.438752439200069282e-02,4.127777978200367764e-02,2.784217053273724610e-02
1.871766436148042737e-02,1.537579792999984457e-02,0.000000000000000000e+00,2.192092042428439233e-02,2.317095845818062036e-02,1.683762872488069398e-02,3.233311129354141805e-02,2.013434892452110880e-02,-1.983049694180976340e-03,1.040458049507245880e-02,3.642218072952203758e-03,1.620539240433336789e-02,8.968418610899699453e-04,1.848081088426910268e-02,1.654484716486765913e-02,2.529002208780113670e-02,9.693647887971416563e-03,1.607461098570648478e-02,2.260900928998858112e-02
1.683772099514746143e-02,1.359860775049407527e-02,2.192092042428439233e-02,0.000000000000000000e+00,1.154899171132791301e-02,1.368704078721065705e-02,5.836782374259152743e-03,2.344247509338307292e-02,1.705061754276957203e-03,5.137228885977954823e-03,8.971432794845026273e-03,2.634567520477703456e-03,1.896884858785766398e-03,6.604487843324684422e-03,1.793819898034705726e-04,2.533332297709742220e-02,2.299020507454538342e-02,2.675002922950999243e-02,1.599705077013086757e-02
4.164887096171140946e-02,2.939140465919348744e-02,2.317095845818062036e-02,1.154899171132791301e-02,0.000000000000000000e+00,1.993598658118625466e-02,5.389144597513177704e-02,1.984204762380344794e-02,9.987620883400206290e-03,2.642162341400524587e-03,6.864443811077737545e-02,2.126568092125643433e-02,4.849745917763215869e-02,1.658288799977236314e-02,1.795338236074759536e-02,2.817104722030331840e-02,3.185137997854575655e-03,8.440506848806322501e-03,3.216363952180337910e-02
2.697903717380131100e-02,2.766250218429675348e-02,1.683762872488069398e-02,1.368704078721065705e-02,1.993598658118625466e-02,0.000000000000000000e+00,-2.467560755247298013e-03,3.971661535755097866e-02,2.131852728883597194e-03,4.030150230191998847e-03,3.003182251682179685e-02,2.707107159051269987e-02,2.072708232127613501e-02,5.743902996939713457e-03,2.113636738989095782e-04,4.025809806667872415e-02,1.161370805672796817e-02,2.162842348678487708e-02,1.475747538785151039e-02
3.178511386016358298e-02,2.009019845595474973e-02,3.233311129354141805e-02,5.836782374259152743e-03,5.389144597513177704e-02,-2.467560755247298013e-03,0.000000000000000000e+00,1.809406133324747631e-02,1.459340980190464432e-01,2.610043390490076123e-02,6.171738138367371257e-02,1.601208939474849102e-02,6.499401731603489385e-02,8.124644758890067417e-03,3.873856990041202319e-02,2.304252413025822607e-02,1.291846257941924904e-02,1.065697977783965772e-03,2.749340878392235107e-02
2.077598518806349215e-02,2.435508862542577757e-02,2.013434892452110880e-02,2.344247509338307292e-02,1.984204762380344794e-02,3.971661535755097866e-02,1.809406133324747631e-02,0.000000000000000000e+00,6.254161250299528768e-03,3.366892784350544732e-02,1.965281422614343493e-02,2.284412302978691689e-02,5.873445525765817743e-03,6.270478323999887152e-03,3.584076652624277812e-03,1.823847780539301563e-02,1.990415452994263174e-02,3.470250050173108447e-02,3.486729305749444729e-02
2.853292092058186489e-03,2.723243168927833718e-03,-1.983049694180976340e-03,1.705061754276957203e-03,9.987620883400206290e-03,2.131852728883597194e-03,1.459340980190464432e-01,6.254161250299528768e-03,0.000000000000000000e+00,3.375244220626631014e-02,7.915687275484464477e-03,2.266578975022599113e-03,9.116352178957629407e-03,7.569080043030378471e-03,1.750145638136924864e-01,1.428490752005035468e-02,9.749736382389851720e-04,-1.628301821683728187e-03,9.688822357137701069e-03
8.060310714032934559e-03,5.271054456385159542e-03,1.040458049507245880e-02,5.137228885977954823e-03,2.642162341400524587e-03,4.030150230191998847e-03,2.610043390490076123e-02,3.366892784350544732e-02,3.375244220626631014e-02,0.000000000000000000e+00,1.147341197162107806e-02,3.232134863580653390e-03,7.440035966964267562e-03,3.830462221887304727e-03,4.348742451736350642e-03,5.073649299374306809e-02,8.228645750635744244e-03,1.066832878885162761e-03,1.583271383938232232e-02
5.890043310380555647e-03,3.072187326552405437e-03,3.642218072952203758e-03,8.971432794845026273e-03,6.864443811077737545e-02,3.003182251682179685e-02,6.171738138367371257e-02,1.965281422614343493e-02,7.915687275484464477e-03,1.147341197162107806e-02,0.000000000000000000e+00,1.254033566543682858e-02,2.017453635921939714e-02,1.739749221983623306e-02,3.054176908041148289e-02,2.233889455366342910e-02,1.761367006781809283e-03,3.789440357558458011e-02,3.828570346921159051e-02
1.864095647299647898e-02,1.872091116221666698e-02,1.620539240433336789e-02,2.634567520477703456e-03,2.126568092125643433e-02,2.707107159051269987e-02,1.601208939474849102e-02,2.284412302978691689e-02,2.266578975022599113e-03,3.232134863580653390e-03,1.254033566543682858e-02,0.000000000000000000e+00,9.047729642513172021e-03,2.674342838523975988e-02,2.785664560863634757e-05,2.749330221820806691e-02,1.098610037247796031e-02,3.423173098150948668e-02,2.107237720922852317e-02
6.345389855990294162e-03,4.614868743758514247e-03,8.968418610899699453e-04,1.896884858785766398e-03,4.849745917763215869e-02,2.072708232127613501e-02,6.499401731603489385e-02,5.873445525765817743e-03,9.116352178957629407e-03,7.440035966964267562e-03,2.017453635921939714e-02,9.047729642513172021e-03,0.000000000000000000e+00,1.167247125412561141e-02,2.760071942987192203e-02,2.467664205543890210e-02,-3.838448702578213436e-03,2.815870503686594695e-02,2.825644604882747782e-02
2.388410933793614147e-02,2.374321328231047273e-02,1.848081088426910268e-02,6.604487843324684422e-03,1.658288799977236314e-02,5.743902996939713457e-03,8.124644758890067417e-03,6.270478323999887152e-03,7.569080043030378471e-03,3.830462221887304727e-03,1.739749221983623306e-02,2.674342838523975988e-02,1.167247125412561141e-02,0.000000000000000000e+00,-3.306155305464823866e-03,2.144782561787767633e-02,9.179248717729007398e-03,2.020642481441403335e-02,2.046731955474150044e-02
1.299172650585221807e-02,5.702650378034830950e-03,1.654484716486765913e-02,1.793819898034705726e-04,1.795338236074759536e-02,2.113636738989095782e-04,3.873856990041202319e-02,3.584076652624277812e-03,1.750145638136924864e-01,4.348742451736350642e-03,3.054176908041148289e-02,2.785664560863634757e-05,2.760071942987192203e-02,-3.306155305464823866e-03,0.000000000000000000e+00,2.542581392765863590e-02,6.355326792822058556e-04,-3.634063134469770699e-03,1.262983838421836286e-02
2.247221914446471611e-02,2.470112570443833491e-02,2.529002208780113670e-02,2.533332297709742220e-02,2.817104722030331840e-02,4.025809806667872415e-02,2.304252413025822607e-02,1.823847780539301563e-02,1.428490752005035468e-02,5.073649299374306809e-02,2.233889455366342910e-02,2.749330221820806691e-02,2.467664205543890210e-02,2.144782561787767633e-02,2.542581392765863590e-02,0.000000000000000000e+00,2.470817730347097882e-02,3.850821124597741951e-02,3.295863342326720707e-02
1.622114364245945406e-02,1.438752439200069282e-02,9.693647887971416563e-03,2.299020507454538342e-02,3.185137997854575655e-03,1.161370805672796817e-02,1.291846257941924904e-02,1.990415452994263174e-02,9.749736382389851720e-04,8.228645750635744244e-03,1.761367006781809283e-03,1.098610037247796031e-02,-3.838448702578213436e-03,9.179248717729007398e-03,6.355326792822058556e-04,2.470817730347097882e-02,0.000000000000000000e+00,1.276480924449033445e-02,1.461151848400646727e-02
4.063389299216763756e-02,4.127777978200367764e-02,1.607461098570648478e-02,2.675002922950999243e-02,8.440506848806322501e-03,2.162842348678487708e-02,1.065697977783965772e-03,3.470250050173108447e-02,-1.628301821683728187e-03,1.066832878885162761e-03,3.789440357558458011e-02,3.423173098150948668e-02,2.815870503686594695e-02,2.020642481441403335e-02,-3.634063134469770699e-03,3.850821124597741951e-02,1.276480924449033445e-02,0.000000000000000000e+00,1.204418756894249862e-02
3.119992539865803355e-02,2.784217053273724610e-02,2.260900928998858112e-02,1.599705077013086757e-02,3.216363952180337910e-02,1.475747538785151039e-02,2.749340878392235107e-02,3.486729305749444729e-02,9.688822357137701069e-03,1.583271383938232232e-02,3.828570346921159051e-02,2.107237720922852317e-02,2.825644604882747782e-02,2.046731955474150044e-02,1.262983838421836286e-02,3.295863342326720707e-02,1.461151848400646727e-02,1.204418756894249862e-02,0.000000000000000000e+00
