0.000000000000000000e+00,5.732814262093927082e-02,1.637984646932711119e-01,-7.548028485210929624e-04,2.959308549769172278e-02,2.439696232722273622e-02,5.097525020134971441e-02,1.313472210226561965e-01,9.924851742857150605e-02,2.744919890622596901e-04,1.869009831152348144e-01,2.046852745940773780e-02,7.759519452159220620e-02,3.643402295333403318e-02,4.614974485199267729e-02,3.343151442546317409e-02,1.156189466969315960e-01,1.121805810870020043e-01,2.488413642197200709e-02
5.732814262093927082e-02,0.000000000000000000e+00,1.463665216745192732e-01,2.565547407750051224e-03,1.449918852529870905e-01,2.183644596507860677e-02,2.703923546396808791e-02,4.560981207515173858e-02,1.356506603035323999e-01,3.186516760083263344e-02,1.348707963843565061e-01,9.175465786341350377e-03,4.440189934622754825e-02,1.053335584714324737e-02,5.746756078222746422e-02,4.699584852458566636e-02,2.975232438762592108e-02,1.205899994453483587e-01,1.882315111685106766e-03
1.637984646932711119e-01,1.463665216745192732e-01,0.000000000000000000e+00,1.666875502453758068e-02,9.752791023411655491e-02,1.787690643588882300e-02,4.119331921253065187e-02,8.821363452452068987e-02,1.771683408426978634e-02,2.476413120514866714e-02,4.246471777301531747e-02,5.933819740871015824e-02,5.450553790062410975e-02,1.679359489791898766e-02,1.056871138733609244e-01,1.574425269018970008e-01,8.682613135962699569e-02,5.984364411592197480e-02,7.461267099750986710e-03
-7.548028485210929624e-04,2.565547407750051224e-03,1.666875502453758068e-02,0.000000000000000000e+00,7.860335674188656530e-02,1.339587715106295429e-01,2.511973471397786414e-02,3.717184794998120573e-02,1.160224902374920597e-02,7.838595703551111404e-02,6.667582305999875114e-02,1.436298568458081737e-01,4.376310246203015232e-04,3.912414876226305571e-02,4.474208267479119761e-02,7.493169748328057378e-02,4.675933371052506254e-02,8.532456207775312995e-02,7.429714726421524085e-02
2.959308549769172278e-02,1.449918852529870905e-01,9.752791023411655491e-02,7.860335674188656530e-02,0.000000000000000000e+00,1.017301150415888221e-02,7.212814863419008717e-03,1.770353201778054539e-02,4.161909985930722228e-02,6.703910913073529709e-02,3.515456449666890665e-02,5.013427980479736451e-02,1.705373927349623092e-02,2.451059390838853519e-02,1.922371786577956737e-02,4.040297894395689093e-02,6.769278549022136882e-02,8.272193803842373475e-03,3.815001811459542425e-02
2.439696232722273622e-02,2.183644596507860677e-02,1.787690643588882300e-02,1.339587715106295429e-01,1.017301150415888221e-02,0.000000000000000000e+00,1.633018778524025771e-02,3.307186418693808944e-02,1.997694779701887288e-02,2.026946119382867437e-02,8.305038408600821931e-02,4.978622175425734264e-02,2.162116802346613839e-02,-1.218198117555954101e-03,1.349661203657074107e-02,1.937775355405230854e-02,3.585373083855569742e-02,3.319570789046357578e-02,-4.508422078014698645e-03
5.097525020134971441e-02,2.703923546396808791e-02,4.119331921253065187e-02,2.511973471397786414e-02,7.212814863419008717e-03,1.633018778524025771e-02,0.000000000000000000e+00,1.744158111403205230e-02,2.104686721649217870e-02,5.031446102196555914e-02,1.641868400219047459e-03,4.492187366232867213e-02,4.031790845720182453e-02,2.932336225263936988e-02,9.889914969956896396e-02,5.378917162584467837e-02,4.552452784978670147e-02,5.981892180865478609e-02,8.095698596722629425e-02
1.313472210226561965e-01,4.560981207515173858e-02,8.821363452452068987e-02,3.717184794998120573e-02,1.770353201778054539e-02,3.307186418693808944e-02,1.744158111403205230e-02,0.000000000000000000e+00,6.610256317264731618e-02,7.145816476454448785e-02,5.789214452465737265e-02,1.781580048171393926e-02,1.882307229233321985e-02,6.434411285337327674e-03,8.989074179529096820e-02,1.585092863142822661e-01,9.120178132135296767e-02,8.341283218079176276e-02,4.315584532232400600e-02
9.924851742857150605e-02,1.356506603035323999e-01,1.771683408426978634e-02,1.160224902374920597e-02,4.161909985930722228e-02,1.997694779701887288e-02,2.104686721649217870e-02,6.610256317264731618e-02,0.000000000000000000e+00,3.552901904644602520e-04,1.102250196834431845e-02,2.785524512858388035e-02,6.184091659027174392e-02,1.278490795691750344e-02,1.129983217525892397e-01,1.002538831157159249e-01,2.682251577584302341e-02,4.625379343784230546e-02,1.601896396424372024e-02
2.744919890622596901e-04,3.186516760083263344e-02,2.476413120514866714e-02,7.838595703551111404e-02,6.703910913073529709e-02,2.026946119382867437e-02,5.031446102196555914e-02,7.145816476454448785e-02,3.552901904644602520e-04,0.000000000000000000e+00,1.236037301294483012e-02,3.967011210115986564e-03,5.608002863072907712e-02,1.332568215012107891e-02,1.579583871094852321e-01,1.815724576397050039e-01,1.516341991591174665e-01,1.462190676185879390e-01,6.455139599063496048e-02
1.869009831152348144e-01,1.348707963843565061e-01,4.246471777301531747e-02,6.667582305999875114e-02,3.515456449666890665e-02,8.305038408600821931e-02,1.641868400219047459e-03,5.789214452465737265e-02,1.102250196834431845e-02,1.236037301294483012e-02,0.000000000000000000e+00,3.785141525148857239e-02,-6.741698975558052705e-03,4.270690174475217510e-02,4.509237133321664093e-02,7.441503087821162155e-02,1.266912888728125575e-01,2.077209139467529192e-02,1.159063692359908609e-01
2.046852745940773780e-02,9.175465786341350377e-03,5.933819740871015824e-02,1.436298568458081737e-01,5.013427980479736451e-02,4.978622175425734264e-02,4.492187366232867213e-02,1.781580048171393926e-02,2.785524512858388035e-02,3.967011210115986564e-03,3.785141525148857239e-02,0.000000000000000000e+00,-2.459329490089620478e-04,2.042357679192145087e-02,-5.266268806705403163e-03,2.955593231670968282e-02,1.732564194982287240e-02,1.731527445335938331e-02,4.130199590501864443e-02
7.759519452159220620e-02,4.440189934622754825e-02,5.450553790062410975e-02,4.376310246203015232e-04,1.705373927349623092e-02,2.162116802346613839e-02,4.031790845720182453e-02,1.882307229233321985e-02,6.184091659027174392e-02,5.608002863072907712e-02,-6.741698975558052705e-03,-2.459329490089620478e-04,0.000000000000000000e+00,3.765451525955069295e-02,2.366277876430387950e-01,1.246865061121607415e-01,1.380273766222374077e-01,8.535642969565158944e-02,7.934034551385008016e-02
3.643402295333403318e-02,1.053335584714324737e-02,1.679359489791898766e-02,3.912414876226305571e-02,2.451059390838853519e-02,-1.218198117555954101e-03,2.932336225263936988e-02,6.434411285337327674e-03,1.278490795691750344e-02,1.332568215012107891e-02,4.270690174475217510e-02,2.042357679192145087e-02,3.765451525955069295e-02,0.000000000000000000e+00,4.806500431091643294e-02,9.690432003151323859e-02,5.077502375801543066e-02,1.227895051091157097e-01,4.192519678994593296e-02
4.614974485199267729e-02,5.746756078222746422e-02,1.056871138733609244e-01,4.474208267479119761e-02,1.922371786577956737e-02,1.349661203657074107e-02,9.889914969956896396e-02,8.989074179529096820e-02,1.129983217525892397e-01,1.579583871094852321e-01,4.509237133321664093e-02,-5.266268806705403163e-03,2.366277876430387950e-01,4.806500431091643294e-02,0.000000000000000000e+00,4.235476490333536098e-02,6.250389590069084511e-02,3.814309588126447298e-02,7.893866938909285813e-02
3.343151442546317409e-02,4.699584852458566636e-02,1.574425269018970008e-01,7.493169748328057378e-02,4.040297894395689093e-02,1.937775355405230854e-02,5.378917162584467837e-02,1.585092863142822661e-01,1.002538831157159249e-01,1.815724576397050039e-01,7.441503087821162155e-02,2.955593231670968282e-02,1.246865061121607415e-01,9.690432003151323859e-02,4.235476490333536098e-02,0.000000000000000000e+00,4.814902406526066353e-02,6.446859559138717888e-02,7.355771711773754183e-03
1.156189466969315960e-01,2.975232438762592108e-02,8.682613135962699569e-02,4.675933371052506254e-02,6.769278549022136882e-02,3.585373083855569742e-02,4.552452784978670147e-02,9.120178132135296767e-02,2.682251577584302341e-02,1.516341991591174665e-01,1.266912888728125575e-01,1.732564194982287240e-02,1.380273766222374077e-01,5.077502375801543066e-02,6.250389590069084511e-02,4.814902406526066353e-02,0.000000000000000000e+00,2.440380954274222122e-02,3.873533941805119146e-02
1.121805810870020043e-01,1.205899994453483587e-01,5.984364411592197480e-02,8.532456207775312995e-02,8.272193803842373475e-03,3.319570789046357578e-02,5.981892180865478609e-02,8.341283218079176276e-02,4.625379343784230546e-02,1.462190676185879390e-01,2.077209139467529192e-02,1.731527445335938331e-02,8.535642969565158944e-02,1.227895051091157097e-01,3.814309588126447298e-02,6.446859559138717888e-02,2.440380954274222122e-02,0.000000000000000000e+00,7.105881650680220818e-02
2.488413642197200709e-02,1.882315111685106766e-03,7.461267099750986710e-03,7.429714726421524085e-02,3.815001811459542425e-02,-4.508422078014698645e-03,8.095698596722629425e-02,4.315584532232400600e-02,1.601896396424372024e-02,6.455139599063496048e-02,1.159063692359908609e-01,4.130199590501864443e-02,7.934034551385008016e-02,4.192519678994593296e-02,7.893866938909285813e-02,7.355771711773754183e-03,3.873533941805119146e-02,7.105881650680220818e-02,0.000000000000000000e+00
