0.000000000000000000e+00,5.527416798294326750e-03,3.396881938325335692e-02,7.924800222564773455e-02,1.714572915859077741e-03,-2.638594874743599439e-02,-6.266263022247113221e-03,-1.778964797785132640e-02,3.503476404967154068e-02,2.598755950772941789e-02,4.626944367112004186e-02,1.414296673869221664e-02,1.171837656738825284e-01,5.511689909633755990e-02,6.363062719083704966e-02,3.388636247796532330e-02,1.446636050752950486e-01,7.561271635335460595e-02,1.373793638903475500e-02
5.527416798294326750e-03,0.000000000000000000e+00,5.021358018132040385e-02,1.511629607872955749e-01,2.292539471296241652e-02,-2.888917152406252423e-02,-1.269087828721232603e-02,-1.864670174380623352e-02,5.892546802597351668e-02,5.552892159030944214e-02,3.407048543440034660e-02,7.581832702050454384e-03,1.394982161397726184e-01,8.554588792504877470e-02,7.007250137626178099e-02,7.306683103803990331e-02,2.227642392967486840e-01,5.733058826806732705e-02,5.183366867851848126e-04
3.396881938325335692e-02,5.021358018132040385e-02,0.000000000000000000e+00,-1.872444427495654692e-02,-2.331041620937411921e-02,-1.632737953168536538e-02,-1.692769464706240720e-02,-2.395160543882690618e-02,-4.499075659885753628e-03,-1.580045555491863332e-02,2.371486288991318629e-03,3.326849583995484562e-03,7.685385589603292711e-02,2.228419925411067107e-02,3.545832183602445203e-02,-8.131317632784624064e-03,-2.092636251929718555e-02,-4.502560180319202347e-03,-2.856164870211224532e-02
7.924800222564773455e-02,1.511629607872955749e-01,-1.872444427495654692e-02,0.000000000000000000e+00,-7.948180059923556570e-03,1.075303135766756887e-02,-1.328536883413619640e-02,-2.347329346015701590e-02,1.589000473888747475e-02,1.254112282465492077e-02,1.364223504802611299e-03,3.260669845431787145e-02,9.098935761285170676e-02,1.379312849050934875e-01,3.188334902020557166e-02,3.961614161537628520e-02,-1.941821997039152453e-02,2.875558161082258923e-02,-2.491399141793406227e-02
1.714572915859077741e-03,2.292539471296241652e-02,-2.331041620937411921e-02,-7.948180059923556570e-03,0.000000000000000000e+00,6.434624128370612650e-02,5.244629871400796617e-02,-1.039585956645727553e-02,-8.570143947680896115e-03,3.458590506134089169e-03,3.876027332065822093e-03,2.887918439246050378e-02,7.108107982023628701e-02,3.595983724770918794e-02,2.774906493462822588e-02,4.832800806052857390e-02,4.711264899459503830e-02,2.101557767437672308e-01,1.238898043623790357e-01
-2.638594874743599439e-02,-2.888917152406252423e-02,-1.632737953168536538e-02,1.075303135766756887e-02,6.434624128370612650e-02,0.000000000000000000e+00,-1.339632981839232982e-02,-1.099656657954228324e-02,-8.625278989934663867e-03,-2.218983531311100738e-02,1.065914737807241138e-03,-1.917650647453849472e-02,1.202575137091652924e-01,2.697651244443542012e-02,5.714176555211699510e-02,1.149354537386550190e-02,5.605762969290371822e-02,2.321120660934175850e-01,1.032412737731626118e-01
-6.266263022247113221e-03,-1.269087828721232603e-02,-1.692769464706240720e-02,-1.328536883413619640e-02,5.244629871400796617e-02,-1.339632981839232982e-02,0.000000000000000000e+00,-2.426634710091898559e-02,-1.412473317640731106e-02,-1.630574453692552189e-02,-5.749171839214841685e-03,-1.238469924587723078e-02,-1.864800241209308915e-02,-1.883209057554381324e-02,-1.626665072504875076e-02,-1.477352297228663389e-02,-1.960862329268523233e-02,-1.719749147522802585e-02,-1.863441229063392615e-02
-1.778964797785132640e-02,-1.864670174380623352e-02,-2.395160543882690618e-02,-2.347329346015701590e-02,-1.039585956645727553e-02,-1.099656657954228324e-02,-2.426634710091898559e-02,0.000000000000000000e+00,-2.121154192965387167e-02,-2.645755918688949548e-02,-1.564406943602438330e-02,-1.430852612437100851e-03,-4.533847021650340946e-03,-1.413627153074723496e-02,-1.638721713139946329e-02,-2.035296224232348641e-02,-2.347718670911603731e-02,-1.589122406201231436e-02,9.978887576235113423e-05
3.503476404967154068e-02,5.892546802597351668e-02,-4.499075659885753628e-03,1.589000473888747475e-02,-8.570143947680896115e-03,-8.625278989934663867e-03,-1.412473317640731106e-02,-2.121154192965387167e-02,0.000000000000000000e+00,-5.581277954665260846e-03,-4.221001804569171970e-03,-1.694576232646874403e-02,-1.560812983461489292e-02,-1.277055360930809749e-02,6.916824602471232861e-03,7.752271010885608549e-02,2.502040964987648983e-02,-1.495614953534542789e-02,-7.801244802121199036e-03
2.598755950772941789e-02,5.552892159030944214e-02,-1.580045555491863332e-02,1.254112282465492077e-02,3.458590506134089169e-03,-2.218983531311100738e-02,-1.630574453692552189e-02,-2.645755918688949548e-02,-5.581277954665260846e-03,0.000000000000000000e+00,-5.553397794008646006e-03,-9.367094429759255381e-03,-1.608420351093473380e-02,-1.735607613663555163e-02,-4.394463763837540456e-03,5.794216992680312206e-02,1.424310128057302595e-02,-1.707021895796636407e-02,-3.474952110709165261e-03
4.626944367112004186e-02,3.407048543440034660e-02,2.371486288991318629e-03,1.364223504802611299e-03,3.876027332065822093e-03,1.065914737807241138e-03,-5.749171839214841685e-03,-1.564406943602438330e-02,-4.221001804569171970e-03,-5.553397794008646006e-03,0.000000000000000000e+00,-1.627011230066566921e-02,5.898220628840739055e-03,-2.290206951019006093e-02,-1.710330138490931320e-03,-1.913063634596253240e-02,4.977480244257192002e-03,-1.674848495993469175e-02,-5.757000687343508463e-03
1.414296673869221664e-02,7.581832702050454384e-03,3.326849583995484562e-03,3.260669845431787145e-02,2.887918439246050378e-02,-1.917650647453849472e-02,-1.238469924587723078e-02,-1.430852612437100851e-03,-1.694576232646874403e-02,-9.367094429759255381e-03,-1.627011230066566921e-02,0.000000000000000000e+00,4.087133665433751242e-03,4.899162804007402630e-03,-1.175901002367728092e-02,1.671661471050312278e-02,3.211166705924763803e-02,-2.313134293584064721e-02,-2.001881764199601663e-02
1.171837656738825284e-01,1.394982161397726184e-01,7.685385589603292711e-02,9.098935761285170676e-02,7.108107982023628701e-02,1.202575137091652924e-01,-1.864800241209308915e-02,-4.533847021650340946e-03,-1.560812983461489292e-02,-1.608420351093473380e-02,5.898220628840739055e-03,4.087133665433751242e-03,0.000000000000000000e+00,-1.585511573219960252e-02,8.182730336139216326e-03,-1.821040715192717013e-02,9.018579144696266259e-02,4.875356754269639936e-02,-1.554027263339675946e-03
5.511689909633755990e-02,8.554588792504877470e-02,2.228419925411067107e-02,1.379312849050934875e-01,3.595983724770918794e-02,2.697651244443542012e-02,-1.883209057554381324e-02,-1.413627153074723496e-02,-1.277055360930809749e-02,-1.735607613663555163e-02,-2.290206951019006093e-02,4.899162804007402630e-03,-1.585511573219960252e-02,0.000000000000000000e+00,-1.599797126195486377e-02,-9.595809672508680971e-03,1.054914653886240422e-01,-3.362656213544550857e-03,-8.665541330180891871e-03
6.363062719083704966e-02,7.007250137626178099e-02,3.545832183602445203e-02,3.188334902020557166e-02,2.774906493462822588e-02,5.714176555211699510e-02,-1.626665072504875076e-02,-1.638721713139946329e-02,6.916824602471232861e-03,-4.394463763837540456e-03,-1.710330138490931320e-03,-1.175901002367728092e-02,8.182730336139216326e-03,-1.599797126195486377e-02,0.000000000000000000e+00,-1.054109570439852074e-02,5.015914677088045837e-02,-1.357607452180259987e-02,-2.545680135778473005e-02
3.388636247796532330e-02,7.306683103803990331e-02,-8.131317632784624064e-03,3.961614161537628520e-02,4.832800806052857390e-02,1.149354537386550190e-02,-1.477352297228663389e-02,-2.035296224232348641e-02,7.752271010885608549e-02,5.794216992680312206e-02,-1.913063634596253240e-02,1.671661471050312278e-02,-1.821040715192717013e-02,-9.595809672508680971e-03,-1.054109570439852074e-02,0.000000000000000000e+00,2.252618492386531529e-02,-1.322401569202099475e-03,-2.193699884233101666e-02
1.446636050752950486e-01,2.227642392967486840e-01,-2.092636251929718555e-02,-1.941821997039152453e-02,4.711264899459503830e-02,5.605762969290371822e-02,-1.960862329268523233e-02,-2.347718670911603731e-02,2.502040964987648983e-02,1.424310128057302595e-02,4.977480244257192002e-03,3.211166705924763803e-02,9.018579144696266259e-02,1.054914653886240422e-01,5.015914677088045837e-02,2.252618492386531529e-02,0.000000000000000000e+00,7.844113992435368388e-02,-2.527000255952216445e-02
7.561271635335460595e-02,5.733058826806732705e-02,-4.502560180319202347e-03,2.875558161082258923e-02,2.101557767437672308e-01,2.321120660934175850e-01,-1.719749147522802585e-02,-1.589122406201231436e-02,-1.495614953534542789e-02,-1.707021895796636407e-02,-1.674848495993469175e-02,-2.313134293584064721e-02,4.875356754269639936e-02,-3.362656213544550857e-03,-1.357607452180259987e-02,-1.322401569202099475e-03,7.844113992435368388e-02,0.000000000000000000e+00,2.046983757204275806e-02
1.373793638903475500e-02,5.183366867851848126e-04,-2.856164870211224532e-02,-2.491399141793406227e-02,1.238898043623790357e-01,1.032412737731626118e-01,-1.863441229063392615e-02,9.978887576235113423e-05,-7.801244802121199036e-03,-3.474952110709165261e-03,-5.757000687343508463e-03,-2.001881764199601663e-02,-1.554027263339675946e-03,-8.665541330180891871e-03,-2.545680135778473005e-02,-2.193699884233101666e-02,-2.527000255952216445e-02,2.046983757204275806e-02,0.000000000000000000e+00
