0.000000000000000000e+00,3.264951964704937426e-02,5.025204164085059211e-02,1.699443831690364629e-02,3.798740922347390581e-02,6.620663009975372160e-02,2.424185252768524396e-02,3.403853556410980918e-02,1.044409887889903230e-02,3.553744017118342507e-02,1.338041604721522670e-01,3.390854039485514254e-02,4.943931050658532250e-02,7.749251840158982718e-02,3.566129489149302834e-02,3.914759949825761393e-02,4.065163612787547898e-02,6.768402753181240739e-02,4.349899337002337274e-02
3.264951964704937426e-02,0.000000000000000000e+00,5.352094765152631134e-02,4.323660275601299424e-02,4.393590458234895857e-02,8.901263045061329204e-02,4.834959870672488752e-02,4.399895829538331277e-02,2.298864453157330526e-02,2.741562518192696557e-02,7.936090167041433274e-02,3.947032477999103811e-02,5.286127820327000959e-02,6.632518487381861005e-02,5.083339994660057010e-02,6.054111920325746382e-02,4.549813829135677945e-02,7.809119593644034407e-02,4.387873204023413215e-02
5.025204164085059211e-02,5.352094765152631134e-02,0.000000000000000000e+00,2.342966897949249824e-02,1.839716788186995522e-01,1.952287178495914211e-01,1.525946637667178508e-02,7.466462131785243928e-02,1.419424207829142123e-02,4.829309644815536068e-02,8.437588431099256325e-02,3.930435432184031797e-02,1.141399098725682099e-01,1.099772541227232725e-01,5.497610144899021944e-02,2.197252629891294912e-02,6.458830937449089316e-02,1.898821978737560978e-01,9.997693858542686107e-02
1.699443831690364629e-02,4.323660275601299424e-02,2.342966897949249824e-02,0.000000000000000000e+00,8.696837571497806341e-02,2.537446472804227859e-01,1.431469873118364038e-02,6.479115815854817606e-02,1.621569996878347020e-02,4.672186660487039067e-02,3.203003867944279742e-02,5.113857736876060989e-02,8.504848995171528092e-02,6.655647244747021907e-02,8.579950156943200179e-02,7.087579450673930914e-02,1.654930245784020162e-02,1.788401718481396618e-01,7.559988328149186421e-02
3.798740922347390581e-02,4.393590458234895857e-02,1.839716788186995522e-01,8.696837571497806341e-02,0.000000000000000000e+00,3.294875073802348148e-02,1.214863793745532272e-01,5.570398464782003178e-02,3.674500581749454847e-02,5.116704598101690094e-02,3.482380630736888610e-02,5.032717681586310055e-02,2.070600871356611042e-02,2.323973393462304415e-02,4.339059294816700191e-02,4.470180904000328054e-02,1.799414458254814386e-01,1.308561679529778206e-02,8.054919526681228459e-02
6.620663009975372160e-02,8.901263045061329204e-02,1.952287178495914211e-01,2.537446472804227859e-01,3.294875073802348148e-02,0.000000000000000000e+00,6.043739393286427786e-02,2.353660013805327911e-01,5.371894618843065655e-02,9.847354376845376955e-02,9.489074914316651677e-02,7.613860582889073192e-02,2.942376608666769436e-02,9.923443591405506359e-02,2.361030779943651403e-02,2.412308267573000098e-01,2.415775118811731570e-01,7.008141873011754230e-02,8.035086807537028530e-02
2.424185252768524396e-02,4.834959870672488752e-02,1.525946637667178508e-02,1.431469873118364038e-02,1.214863793745532272e-01,6.043739393286427786e-02,0.000000000000000000e+00,2.618698753261930121e-02,5.850362485566042159e-02,7.552977265713377297e-02,2.172533930553708238e-03,9.403930191215532919e-02,5.833524509220193444e-02,6.842664067383448512e-02,2.644421615503331560e-02,4.129402780485455504e-02,1.433275356059383887e-02,1.148339695738281874e-01,9.555211011164700674e-02
3.403853556410980918e-02,4.399895829538331277e-02,7.466462131785243928e-02,6.479115815854817606e-02,5.570398464782003178e-02,2.353660013805327911e-01,2.618698753261930121e-02,0.000000000000000000e+00,3.421950015778014997e-02,5.764344853013427666e-02,2.362690812117543976e-02,1.311058418303660822e-02,5.675065414038261979e-02,4.510954386222582047e-02,3.201944023351482871e-02,7.081465195682377922e-02,8.632336534798222549e-02,1.004268665086059803e-01,2.423198014409467735e-02
1.044409887889903230e-02,2.298864453157330526e-02,1.419424207829142123e-02,1.621569996878347020e-02,3.674500581749454847e-02,5.371894618843065655e-02,5.850362485566042159e-02,3.421950015778014997e-02,0.000000000000000000e+00,9.148757713058143504e-02,1.184938662725391542e-02,3.822217520873526231e-02,2.532357873020501735e-02,4.690988408715881380e-02,1.052071290768554906e-01,3.131728465666159394e-02,2.982112504016046911e-02,5.732382642914994608e-02,4.830307555908662509e-02
3.553744017118342507e-02,2.741562518192696557e-02,4.829309644815536068e-02,4.672186660487039067e-02,5.116704598101690094e-02,9.847354376845376955e-02,7.552977265713377297e-02,5.764344853013427666e-02,9.148757713058143504e-02,0.000000000000000000e+00,5.617406619252140326e-02,2.067255394866043469e-02,6.979117749550747818e-03,4.028567914842812181e-02,9.547039343740085227e-02,6.491816954983756216e-02,5.222524785658509000e-02,6.158837034954543072e-02,6.395876307006335970e-02
1.338041604721522670e-01,7.936090167041433274e-02,8.437588431099256325e-02,3.203003867944279742e-02,3.482380630736888610e-02,9.489074914316651677e-02,2.172533930553708238e-03,2.362690812117543976e-02,1.184938662725391542e-02,5.617406619252140326e-02,0.000000000000000000e+00,1.921303300922747037e-02,6.228260804587661126e-02,6.516661166400353200e-02,3.187175637268336442e-02,2.295531069419360498e-02,7.533724854201963306e-02,8.019005262215306296e-02,3.693065653692464978e-02
3.390854039485514254e-02,3.947032477999103811e-02,3.930435432184031797e-02,5.113857736876060989e-02,5.032717681586310055e-02,7.613860582889073192e-02,9.403930191215532919e-02,1.311058418303660822e-02,3.822217520873526231e-02,2.067255394866043469e-02,1.921303300922747037e-02,0.000000000000000000e+00,2.194033363260001340e-02,3.709545776085977631e-02,4.620435369242485019e-02,7.523864337996778728e-02,4.987872711491145999e-02,8.645532821278278934e-02,1.632145578514374376e-02
4.943931050658532250e-02,5.286127820327000959e-02,1.141399098725682099e-01,8.504848995171528092e-02,2.070600871356611042e-02,2.942376608666769436e-02,5.833524509220193444e-02,5.675065414038261979e-02,2.532357873020501735e-02,6.979117749550747818e-03,6.228260804587661126e-02,2.194033363260001340e-02,0.000000000000000000e+00,2.818761948683930207e-02,2.866935579446994523e-02,5.060021028523008918e-02,1.260541920064192078e-01,1.049347865618153151e-02,4.018202850417794403e-02
7.749251840158982718e-02,6.632518487381861005e-02,1.099772541227232725e-01,6.655647244747021907e-02,2.323973393462304415e-02,9.923443591405506359e-02,6.842664067383448512e-02,4.510954386222582047e-02,4.690988408715881380e-02,4.028567914842812181e-02,6.516661166400353200e-02,3.709545776085977631e-02,2.818761948683930207e-02,0.000000000000000000e+00,2.873228858150467246e-02,7.204524921883306843e-02,1.178931343109602681e-01,2.335506631604304315e-02,2.295526684863510164e-02
3.566129489149302834e-02,5.083339994660057010e-02,5.497610144899021944e-02,8.579950156943200179e-02,4.339059294816700191e-02,2.361030779943651403e-02,2.644421615503331560e-02,3.201944023351482871e-02,1.052071290768554906e-01,9.547039343740085227e-02,3.187175637268336442e-02,4.620435369242485019e-02,2.866935579446994523e-02,2.873228858150467246e-02,0.000000000000000000e+00,3.395492751789224578e-02,8.288960113331711455e-02,6.408697022998981196e-02,4.835441884798947348e-02
3.914759949825761393e-02,6.054111920325746382e-02,2.197252629891294912e-02,7.087579450673930914e-02,4.470180904000328054e-02,2.412308267573000098e-01,4.129402780485455504e-02,7.081465195682377922e-02,3.131728465666159394e-02,6.491816954983756216e-02,2.295531069419360498e-02,7.523864337996778728e-02,5.060021028523008918e-02,7.204524921883306843e-02,3.395492751789224578e-02,0.000000000000000000e+00,4.770325092028290803e-02,9.285152296515233883e-02,5.918965563716446776e-02
4.065163612787547898e-02,4.549813829135677945e-02,6.458830937449089316e-02,1.654930245784020162e-02,1.799414458254814386e-01,2.415775118811731570e-01,1.433275356059383887e-02,8.632336534798222549e-02,2.982112504016046911e-02,5.222524785658509000e-02,7.533724854201963306e-02,4.987872711491145999e-02,1.260541920064192078e-01,1.178931343109602681e-01,8.288960113331711455e-02,4.770325092028290803e-02,0.000000000000000000e+00,2.209403714228204141e-01,9.725813010964622085e-02
6.768402753181240739e-02,7.809119593644034407e-02,1.898821978737560978e-01,1.788401718481396618e-01,1.308561679529778206e-02,7.008141873011754230e-02,1.148339695738281874e-01,1.004268665086059803e-01,5.732382642914994608e-02,6.158837034954543072e-02,8.019005262215306296e-02,8.645532821278278934e-02,1.049347865618153151e-02,2.335506631604304315e-02,6.408697022998981196e-02,9.285152296515233883e-02,2.209403714228204141e-01,0.000000000000000000e+00,9.485687973967588116e-02
4.349899337002337274e-02,4.387873204023413215e-02,9.997693858542686107e-02,7.559988328149186421e-02,8.054919526681228459e-02,8.035086807537028530e-02,9.555211011164700674e-02,2.423198014409467735e-02,4.830307555908662509e-02,6.395876307006335970e-02,3.693065653692464978e-02,1.632145578514374376e-02,4.018202850417794403e-02,2.295526684863510164e-02,4.835441884798947348e-02,5.918965563716446776e-02,9.725813010964622085e-02,9.485687973967588116e-02,0.000000000000000000e+00
