0.000000000000000000e+00,-1.001333760467725854e-02,-1.811484732926679081e-02,1.576954745737331118e-02,1.814426535254110573e-01,6.254635164284259863e-02,4.520584854543863856e-02,-1.333431220445923347e-02,2.933545284487903970e-02,7.223789017573855990e-03,-1.241108202723592915e-02,2.602801558765227563e-01,7.610028765260040684e-02,9.573353129203261702e-02,3.003133991432622302e-02,-1.107763364695580136e-02,-1.393535991911067431e-02,-1.088074033604272649e-02,-1.778922226977404375e-02
-1.001333760467725854e-02,0.000000000000000000e+00,-1.361378717743659886e-02,2.465531124533383925e-02,1.968392709349962577e-01,5.387340654292660513e-02,4.482104056498976974e-02,-2.145386097772757419e-02,2.698312038882470440e-02,-7.945040784543791479e-03,-1.644562211066281573e-02,2.753609364858713993e-01,1.001289551495730124e-01,1.401378098286319707e-01,3.354072486776452089e-02,3.486658379246291607e-03,-1.553125934956427548e-02,-1.900539032190077735e-02,-8.632079775836045549e-03
-1.811484732926679081e-02,-1.361378717743659886e-02,0.000000000000000000e+00,-1.107526627852158628e-02,1.658251232385257040e-02,-1.169401682412862450e-02,9.022247488304388496e-02,1.747350151670809884e-02,6.349273526604273798e-02,1.198701029931529757e-02,7.009929808347114752e-03,-6.761977010899308978e-03,6.586587516794925601e-02,3.260183890741161911e-02,4.512508224771392268e-02,-1.595979990898083872e-02,3.516391974235433867e-03,8.385070299679740768e-02,-1.250972541834284926e-02
1.576954745737331118e-02,2.465531124533383925e-02,-1.107526627852158628e-02,0.000000000000000000e+00,-4.562921846945540774e-03,6.384963302002476422e-03,-9.728182011169945326e-03,9.954411671164413791e-03,1.358443898373822359e-02,-3.784664838791015028e-03,3.621012440507806289e-03,-1.677342787162818330e-02,1.712522718968904553e-02,5.136934175322124124e-02,-7.393595320127824624e-03,2.764794543001135654e-02,-4.994194972148438116e-04,1.192723413979179803e-01,-3.051856739551840592e-04
1.814426535254110573e-01,1.968392709349962577e-01,1.658251232385257040e-02,-4.562921846945540774e-03,0.000000000000000000e+00,3.658907982032002376e-02,4.489281580231961610e-02,2.612533006883339601e-02,1.412298933211067822e-02,-1.641353205169207227e-02,5.234823442422546769e-02,-2.349881361736039231e-02,-1.498753533335470470e-02,3.192761475490489553e-03,-1.075081820880183225e-02,-8.973015121492943294e-03,-1.246154214437605878e-02,9.541571811531565639e-02,3.224685567207322048e-03
6.254635164284259863e-02,5.387340654292660513e-02,-1.169401682412862450e-02,6.384963302002476422e-03,3.658907982032002376e-02,0.000000000000000000e+00,-1.395411723110634092e-02,6.100829281344916435e-03,-6.833133734220782178e-03,4.343123528518109955e-02,5.499560025953435793e-02,2.198468539856809206e-02,8.834904570500756726e-02,-1.278709392226825073e-02,-1.253365527093920108e-02,1.011585703981457765e-02,-1.117807821845456621e-02,4.292297095063617174e-02,-1.252594013136534498e-03
4.520584854543863856e-02,4.482104056498976974e-02,9.022247488304388496e-02,-9.728182011169945326e-03,4.489281580231961610e-02,-1.395411723110634092e-02,0.000000000000000000e+00,1.089358049805685957e-02,5.138015927366983149e-02,1.225612507189176347e-03,8.630736168263875019e-02,4.931851911979303477e-02,8.740856275587563506e-02,1.033916576709599244e-01,-1.714809236367655781e-02,-1.839389735528895037e-02,1.199682407207501925e-02,3.421581486213679663e-02,-1.128867054193842187e-02
-1.333431220445923347e-02,-2.145386097772757419e-02,1.747350151670809884e-02,9.954411671164413791e-03,2.612533006883339601e-02,6.100829281344916435e-03,1.089358049805685957e-02,0.000000000000000000e+00,6.119170389293030615e-02,3.303520108693798474e-02,1.250118834643677238e-03,1.185703493503252465e-01,1.093919824646532868e-01,2.325447009707202334e-02,6.310249152432957295e-03,-1.491462965132199156e-02,-1.356099015604812774e-02,2.885673466567444806e-02,-1.955663642541094396e-03
2.933545284487903970e-02,2.698312038882470440e-02,6.349273526604273798e-02,1.358443898373822359e-02,1.412298933211067822e-02,-6.833133734220782178e-03,5.138015927366983149e-02,6.119170389293030615e-02,0.000000000000000000e+00,5.472923422082844741e-02,1.996378746615330713e-02,2.436907567380584144e-02,1.706817951851176129e-01,1.408227722460665687e-01,2.992687395713395856e-02,2.360590917708897674e-03,5.871065595595178349e-02,3.253431450293144123e-02,2.221171969627114620e-02
7.223789017573855990e-03,-7.945040784543791479e-03,1.198701029931529757e-02,-3.784664838791015028e-03,-1.641353205169207227e-02,4.343123528518109955e-02,1.225612507189176347e-03,3.303520108693798474e-02,5.472923422082844741e-02,0.000000000000000000e+00,-8.635699613065199454e-03,3.271559003860530224e-02,3.749622384072999470e-02,1.551782288653446307e-01,1.696687641264520846e-02,6.299530440403559861e-02,2.389974747005042810e-02,-6.242677066080773093e-03,-1.652155312022733982e-02
-1.241108202723592915e-02,-1.644562211066281573e-02,7.009929808347114752e-03,3.621012440507806289e-03,5.234823442422546769e-02,5.499560025953435793e-02,8.630736168263875019e-02,1.250118834643677238e-03,1.996378746615330713e-02,-8.635699613065199454e-03,0.000000000000000000e+00,8.703879125818887730e-02,3.510318348871908911e-02,-1.472427638133752114e-03,5.193794764630869747e-03,-1.104784992584035251e-02,3.731291225862091304e-02,-1.363702959551369755e-02,3.233966950304003468e-02
2.602801558765227563e-01,2.753609364858713993e-01,-6.761977010899308978e-03,-1.677342787162818330e-02,-2.349881361736039231e-02,2.198468539856809206e-02,4.931851911979303477e-02,1.185703493503252465e-01,2.436907567380584144e-02,3.271559003860530224e-02,8.703879125818887730e-02,0.000000000000000000e+00,-1.415127474883717817e-02,1.001762262316333307e-01,3.567437118780789757e-02,6.811405037074570734e-02,-4.360277147919644600e-04,5.632366794331575971e-02,6.988696730073748475e-02
7.610028765260040684e-02,1.001289551495730124e-01,6.586587516794925601e-02,1.712522718968904553e-02,-1.498753533335470470e-02,8.834904570500756726e-02,8.740856275587563506e-02,1.093919824646532868e-01,1.706817951851176129e-01,3.749622384072999470e-02,3.510318348871908911e-02,-1.415127474883717817e-02,0.000000000000000000e+00,-1.990106740004205649e-02,-1.587216046077552165e-02,-1.409707098726538030e-02,1.037517812287576530e-01,1.016539886368117429e-02,1.590150023929637890e-01
9.573353129203261702e-02,1.401378098286319707e-01,3.260183890741161911e-02,5.136934175322124124e-02,3.192761475490489553e-03,-1.278709392226825073e-02,1.033916576709599244e-01,2.325447009707202334e-02,1.408227722460665687e-01,1.551782288653446307e-01,-1.472427638133752114e-03,1.001762262316333307e-01,-1.990106740004205649e-02,0.000000000000000000e+00,1.160082594091577622e-02,5.204474361971776070e-02,1.051371631849996879e-01,2.895143236475949261e-02,2.422838727591202501e-01
3.003133991432622302e-02,3.354072486776452089e-02,4.512508224771392268e-02,-7.393595320127824624e-03,-1.075081820880183225e-02,-1.253365527093920108e-02,-1.714809236367655781e-02,6.310249152432957295e-03,2.992687395713395856e-02,1.696687641264520846e-02,5.193794764630869747e-03,3.567437118780789757e-02,-1.587216046077552165e-02,1.160082594091577622e-02,0.000000000000000000e+00,8.773666479096298501e-03,-1.215921250765306626e-02,5.647073030560506232e-03,-9.349047898213114216e-03
-1.107763364695580136e-02,3.486658379246291607e-03,-1.595979990898083872e-02,2.764794543001135654e-02,-8.973015121492943294e-03,1.011585703981457765e-02,-1.839389735528895037e-02,-1.491462965132199156e-02,2.360590917708897674e-03,6.299530440403559861e-02,-1.104784992584035251e-02,6.811405037074570734e-02,-1.409707098726538030e-02,5.204474361971776070e-02,8.773666479096298501e-03,0.000000000000000000e+00,-3.490091380183178629e-03,1.074919651287350357e-03,2.938299683136656390e-02
-1.393535991911067431e-02,-1.553125934956427548e-02,3.516391974235433867e-03,-4.994194972148438116e-04,-1.246154214437605878e-02,-1.117807821845456621e-02,1.199682407207501925e-02,-1.356099015604812774e-02,5.871065595595178349e-02,2.389974747005042810e-02,3.731291225862091304e-02,-4.360277147919644600e-04,1.037517812287576530e-01,1.051371631849996879e-01,-1.215921250765306626e-02,-3.490091380183178629e-03,0.000000000000000000e+00,1.723212232703535129e-01,1.962822064480285178e-03
-1.088074033604272649e-02,-1.900539032190077735e-02,8.385070299679740768e-02,1.192723413979179803e-01,9.541571811531565639e-02,4.292297095063617174e-02,3.421581486213679663e-02,2.885673466567444806e-02,3.253431450293144123e-02,-6.242677066080773093e-03,-1.363702959551369755e-02,5.632366794331575971e-02,1.016539886368117429e-02,2.895143236475949261e-02,5.647073030560506232e-03,1.074919651287350357e-03,1.723212232703535129e-01,0.000000000000000000e+00,4.943444168881479944e-02
-1.778922226977404375e-02,-8.632079775836045549e-03,-1.250972541834284926e-02,-3.051856739551840592e-04,3.224685567207322048e-03,-1.252594013136534498e-03,-1.128867054193842187e-02,-1.955663642541094396e-03,2.221171969627114620e-02,-1.652155312022733982e-02,3.233966950304003468e-02,6.988696730073748475e-02,1.590150023929637890e-01,2.422838727591202501e-01,-9.349047898213114216e-03,2.938299683136656390e-02,1.962822064480285178e-03,4.943444168881479944e-02,0.000000000000000000e+00
