0.000000000000000000e+00,6.223367249471016376e-03,1.669239286888344886e-01,8.954714775285646522e-02,1.589175280644488861e-02,3.280964150677562197e-02,7.561945189118454702e-02,8.272312580017691930e-02,8.473465059853763082e-02,1.024932602030195899e-01,5.038713961167917699e-02,1.196594650344369806e-02,3.341982103066386267e-02,5.976068827222365265e-02,4.338388480098040456e-02,1.371045440619407356e-02,1.827828923333553179e-01,1.277868508095113872e-03,1.140644001289833620e-01
6.223367249471016376e-03,0.000000000000000000e+00,7.966786696630817621e-02,1.162822508109610242e-01,3.035706109927779547e-02,4.602120245698773648e-02,7.246775929575424713e-02,4.383433085418234065e-02,7.370257708234634331e-02,4.223173722507101574e-02,2.005178803843925273e-02,2.070787241996443692e-02,5.511530380449937427e-02,4.458029900787657818e-02,-2.796090420254811844e-04,3.813574048113791554e-02,1.498665766448453729e-01,2.094444657206866178e-02,1.088429843422918930e-01
1.669239286888344886e-01,7.966786696630817621e-02,0.000000000000000000e+00,1.559066645125914419e-02,2.382735494706976140e-02,8.305622400880174894e-02,2.746169909937198894e-02,2.981210502101793586e-02,3.430031499279373453e-02,2.596576414715133854e-02,1.100759632987437509e-01,1.809934818247000560e-02,5.787223870918864477e-02,1.590519872285663799e-02,3.162545870272154280e-02,2.873290476315198960e-02,1.232144625155158144e-02,1.247803459512649982e-01,7.797539507154765959e-02
8.954714775285646522e-02,1.162822508109610242e-01,1.559066645125914419e-02,0.000000000000000000e+00,1.828064039684788519e-02,1.429830416881004429e-01,5.315416100299890506e-02,1.363648038416200858e-01,7.934134534520034809e-03,5.275017014958883338e-02,6.414194578848519956e-02,1.857524463907309423e-02,3.872177584831428682e-02,5.134880291547729014e-02,3.809908815967674028e-02,7.526267343722997660e-02,5.589669576055212447e-02,1.654129567898465492e-01,1.531764033126665481e-01
1.589175280644488861e-02,3.035706109927779547e-02,2.382735494706976140e-02,1.828064039684788519e-02,0.000000000000000000e+00,6.192419066037887360e-02,5.463383166636738564e-02,3.661913073719191142e-02,1.832997629253265912e-02,2.119523850322783606e-02,1.956866051341050322e-02,2.330458583077075867e-03,3.236393764386075872e-02,6.300539903312375734e-02,2.365937764332554788e-02,4.161834885620052660e-02,5.449084760038444553e-02,1.311536673444923390e-02,6.689721156298884808e-02
3.280964150677562197e-02,4.602120245698773648e-02,8.305622400880174894e-02,1.429830416881004429e-01,6.192419066037887360e-02,0.000000000000000000e+00,8.722462395751021114e-02,1.417521008418567152e-01,3.991628458802493062e-02,2.679229501205578068e-02,6.897133599570284650e-03,3.156074342504512631e-02,2.902636452226412325e-02,-2.635633281275131948e-05,1.705753002608546148e-02,3.242523395669884984e-02,1.989725720958139543e-01,1.233078080371621671e-01,2.012737444732959347e-01
7.561945189118454702e-02,7.246775929575424713e-02,2.746169909937198894e-02,5.315416100299890506e-02,5.463383166636738564e-02,8.722462395751021114e-02,0.000000000000000000e+00,2.628866064918539136e-02,4.060195595858400591e-02,3.794721172031376155e-02,1.056218807149769817e-01,4.859314975202436160e-02,8.002433321234221630e-02,1.649389199385797589e-01,8.772421655194927170e-02,2.499265490913107554e-02,8.510817905367418224e-02,4.118110218764575725e-02,1.612967225767128823e-02
8.272312580017691930e-02,4.383433085418234065e-02,2.981210502101793586e-02,1.363648038416200858e-01,3.661913073719191142e-02,1.417521008418567152e-01,2.628866064918539136e-02,0.000000000000000000e+00,5.348437638753915369e-02,2.647361557689894770e-02,1.433429681181056792e-01,4.023666069193752859e-02,1.063953491409364988e-01,1.432834396104541719e-01,1.937962525673243841e-02,4.210631093097972483e-02,1.386297214816819556e-01,6.199123655263736460e-02,4.134818297394042552e-02
8.473465059853763082e-02,7.370257708234634331e-02,3.430031499279373453e-02,7.934134534520034809e-03,1.832997629253265912e-02,3.991628458802493062e-02,4.060195595858400591e-02,5.348437638753915369e-02,0.000000000000000000e+00,6.005472576831976522e-02,1.189287160859227588e-01,6.243492634925785351e-02,4.258942513482869008e-02,3.339382297656787180e-02,6.700020806270183538e-02,1.692517016166502630e-01,1.761881259612221515e-02,7.197394699396803680e-03,1.720123246616661605e-02
1.024932602030195899e-01,4.223173722507101574e-02,2.596576414715133854e-02,5.275017014958883338e-02,2.119523850322783606e-02,2.679229501205578068e-02,3.794721172031376155e-02,2.647361557689894770e-02,6.005472576831976522e-02,0.000000000000000000e+00,1.488416365307385358e-01,5.664487803540184385e-02,2.405342778498764308e-02,3.734728009002494936e-02,3.579701863357808572e-02,1.158099071466999475e-01,6.290251905966845469e-02,3.076021410750619592e-02,2.110706547743829847e-02
5.038713961167917699e-02,2.005178803843925273e-02,1.100759632987437509e-01,6.414194578848519956e-02,1.956866051341050322e-02,6.897133599570284650e-03,1.056218807149769817e-01,1.433429681181056792e-01,1.189287160859227588e-01,1.488416365307385358e-01,0.000000000000000000e+00,5.008437464594613087e-02,5.814703457643904949e-02,4.382355707162979147e-02,4.252622460361273060e-02,1.255127455191916430e-02,1.849436676324997253e-01,-1.921904723188339395e-03,1.101161085737042550e-01
1.196594650344369806e-02,2.070787241996443692e-02,1.809934818247000560e-02,1.857524463907309423e-02,2.330458583077075867e-03,3.156074342504512631e-02,4.859314975202436160e-02,4.023666069193752859e-02,6.243492634925785351e-02,5.664487803540184385e-02,5.008437464594613087e-02,0.000000000000000000e+00,2.422273645199259778e-02,9.890935104516912491e-03,2.195032457358379527e-02,2.876406245977633849e-02,2.801870125208902329e-02,2.457694625862842652e-02,4.231529815325078825e-02
3.341982103066386267e-02,5.511530380449937427e-02,5.787223870918864477e-02,3.872177584831428682e-02,3.236393764386075872e-02,2.902636452226412325e-02,8.002433321234221630e-02,1.063953491409364988e-01,4.258942513482869008e-02,2.405342778498764308e-02,5.814703457643904949e-02,2.422273645199259778e-02,0.000000000000000000e+00,5.456373205846454071e-03,7.120078099629789659e-02,2.122598539839918447e-02,2.155006686189585852e-01,2.599007101549435927e-02,1.262061692623952514e-01
5.976068827222365265e-02,4.458029900787657818e-02,1.590519872285663799e-02,5.134880291547729014e-02,6.300539903312375734e-02,-2.635633281275131948e-05,1.649389199385797589e-01,1.432834396104541719e-01,3.339382297656787180e-02,3.734728009002494936e-02,4.382355707162979147e-02,9.890935104516912491e-03,5.456373205846454071e-03,0.000000000000000000e+00,2.493268884385976651e-03,8.085430279544615975e-03,1.284448909720164733e-01,6.388686530284573561e-02,2.209937695118316392e-01
4.338388480098040456e-02,-2.796090420254811844e-04,3.162545870272154280e-02,3.809908815967674028e-02,2.365937764332554788e-02,1.705753002608546148e-02,8.772421655194927170e-02,1.937962525673243841e-02,6.700020806270183538e-02,3.579701863357808572e-02,4.252622460361273060e-02,2.195032457358379527e-02,7.120078099629789659e-02,2.493268884385976651e-03,0.000000000000000000e+00,6.372161659282793433e-02,1.232043287259104204e-02,3.543003893848740288e-02,4.867899495979166602e-02
1.371045440619407356e-02,3.813574048113791554e-02,2.873290476315198960e-02,7.526267343722997660e-02,4.161834885620052660e-02,3.242523395669884984e-02,2.499265490913107554e-02,4.210631093097972483e-02,1.692517016166502630e-01,1.158099071466999475e-01,1.255127455191916430e-02,2.876406245977633849e-02,2.122598539839918447e-02,8.085430279544615975e-03,6.372161659282793433e-02,0.000000000000000000e+00,6.062880009115731439e-02,5.612138614854647600e-02,1.584280750571612911e-02
1.827828923333553179e-01,1.498665766448453729e-01,1.232144625155158144e-02,5.589669576055212447e-02,5.449084760038444553e-02,1.989725720958139543e-01,8.510817905367418224e-02,1.386297214816819556e-01,1.761881259612221515e-02,6.290251905966845469e-02,1.849436676324997253e-01,2.801870125208902329e-02,2.155006686189585852e-01,1.284448909720164733e-01,1.232043287259104204e-02,6.062880009115731439e-02,0.000000000000000000e+00,3.274567563801336068e-01,2.623042192230807257e-01
1.277868508095113872e-03,2.094444657206866178e-02,1.247803459512649982e-01,1.654129567898465492e-01,1.311536673444923390e-02,1.233078080371621671e-01,4.118110218764575725e-02,6.199123655263736460e-02,7.197394699396803680e-03,3.076021410750619592e-02,-1.921904723188339395e-03,2.457694625862842652e-02,2.599007101549435927e-02,6.388686530284573561e-02,3.543003893848740288e-02,5.612138614854647600e-02,3.274567563801336068e-01,0.000000000000000000e+00,1.069306087008291134e-01
1.140644001289833620e-01,1.088429843422918930e-01,7.797539507154765959e-02,1.531764033126665481e-01,6.689721156298884808e-02,2.012737444732959347e-01,1.612967225767128823e-02,4.134818297394042552e-02,1.720123246616661605e-02,2.110706547743829847e-02,1.101161085737042550e-01,4.231529815325078825e-02,1.262061692623952514e-01,2.209937695118316392e-01,4.867899495979166602e-02,1.584280750571612911e-02,2.623042192230807257e-01,1.069306087008291134e-01,0.000000000000000000e+00
