0.000000000000000000e+00,-1.119366388297954144e-02,4.490078339163455562e-04,-1.549122942387324772e-02,-3.117673979276764512e-02,3.043650297738193997e-02,-2.567750877642870425e-02,-2.780690335520025896e-02,-2.280378020930727903e-02,-9.648593056746441327e-03,3.745407115539632625e-02,-4.107685537019440530e-02,5.203511567568690210e-02,-4.085213931506213869e-02,-9.211287108482945143e-03,-1.700297180239846925e-02,-2.759752196861069498e-02,1.559835368376074824e-02,-8.662828744362454508e-03
-1.119366388297954144e-02,0.000000000000000000e+00,1.343953183998749037e-02,3.311934499302394280e-02,-1.406378139938653862e-02,1.836242969129382036e-02,-9.803056459406636960e-03,-2.007490006839592056e-02,-3.174586011722986545e-02,-2.121140981050609331e-02,-1.195779309002274228e-02,-1.830232702004683243e-02,7.166911020868223237e-02,-4.051362581740861404e-03,-1.651009271851173327e-02,-6.738817101621549961e-03,-1.775279804165271619e-02,-1.060643837364041130e-02,-1.114344370563125595e-02
4.490078339163455562e-04,1.343953183998749037e-02,0.000000000000000000e+00,-2.070135034881442557e-02,4.056422693286611952e-02,6.195077662387564292e-03,3.666664708043747278e-02,4.117770518680815423e-02,-2.452423515720184716e-02,-7.669058033353719391e-03,8.833739006276014605e-03,-2.432403646590695565e-02,2.675022903198231040e-03,-2.568274265066832276e-02,4.851249192995447240e-02,-3.561306628270807968e-03,-1.339498174023930586e-02,8.518057621923233458e-02,6.612423729189023658e-02
-1.549122942387324772e-02,3.311934499302394280e-02,-2.070135034881442557e-02,0.000000000000000000e+00,-9.663046861419661085e-03,1.482649962807166752e-02,2.081383777262710982e-02,3.456449445964463602e-03,-5.479376561639054052e-03,-1.849529366661726518e-03,-1.241726930730778326e-02,-5.657794191040010912e-02,4.405582304279968310e-03,4.288089985077077337e-02,-1.647038759803835448e-02,-5.087789964178093599e-04,-1.432377254564183057e-02,8.473983794624533744e-03,1.630494114966633476e-02
-3.117673979276764512e-02,-1.406378139938653862e-02,4.056422693286611952e-02,-9.663046861419661085e-03,0.000000000000000000e+00,5.647646843682764539e-02,9.710042210890654224e-02,1.120769217973807824e-01,-4.445870177672208746e-03,2.987275900042498170e-03,2.150936098490831977e-02,6.090985431409179363e-02,5.638553738103520979e-02,4.582271089127848418e-02,-1.721398457372434049e-02,-1.718241502881156374e-02,1.380322044803439230e-02,8.599011783867802072e-02,7.317661873055911204e-02
3.043650297738193997e-02,1.836242969129382036e-02,6.195077662387564292e-03,1.482649962807166752e-02,5.647646843682764539e-02,0.000000000000000000e+00,8.669886453537126170e-03,-1.722157412736615573e-02,5.773223122171420446e-02,-1.609346830395357725e-02,-1.203587738073958607e-03,3.385668942424633655e-03,-3.503095054329365132e-02,7.740435328192305300e-03,1.044838086773677670e-02,-1.693034684054940328e-02,1.296736002419160948e-02,-1.730630156681130932e-02,-3.096994430407119716e-03
-2.567750877642870425e-02,-9.803056459406636960e-03,3.666664708043747278e-02,2.081383777262710982e-02,9.710042210890654224e-02,8.669886453537126170e-03,0.000000000000000000e+00,-5.075676586705443229e-03,1.546549323689256662e-02,4.452936184582652335e-02,-1.455537204239962202e-03,-1.976560363948855897e-02,-1.260045279239223326e-02,-3.828395256503366786e-03,-6.524739620362761047e-03,2.438147301461407457e-02,3.156403074060271270e-03,-1.081630518082195638e-02,-1.675609296744088109e-02
-2.780690335520025896e-02,-2.007490006839592056e-02,4.117770518680815423e-02,3.456449445964463602e-03,1.120769217973807824e-01,-1.722157412736615573e-02,-5.075676586705443229e-03,0.000000000000000000e+00,7.408573307704804933e-02,6.040092169150109574e-02,6.240419790099374468e-03,1.650852819610812774e-02,1.484072584213234902e-02,-2.995208285440839873e-03,3.137834591697198638e-02,-5.588506003777094985e-03,-2.447053243507096160e-02,-1.529086459537806059e-03,-1.481055572252711408e-02
-2.280378020930727903e-02,-3.174586011722986545e-02,-2.452423515720184716e-02,-5.479376561639054052e-03,-4.445870177672208746e-03,5.773223122171420446e-02,1.546549323689256662e-02,7.408573307704804933e-02,0.000000000000000000e+00,9.477749961232805054e-02,1.321503972679573518e-03,-2.851264098167943795e-02,3.331247602534646857e-02,3.212714010940392884e-02,-2.118184760479113748e-02,-1.406758600182271644e-03,-1.678131727067225243e-02,6.934317839521389644e-03,2.512094150619045840e-02
-9.648593056746441327e-03,-2.121140981050609331e-02,-7.669058033353719391e-03,-1.849529366661726518e-03,2.987275900042498170e-03,-1.609346830395357725e-02,4.452936184582652335e-02,6.040092169150109574e-02,9.477749961232805054e-02,0.000000000000000000e+00,-1.539248653262665842e-02,-4.493872851476834324e-02,9.888261343307216608e-03,2.618719445140216175e-03,-5.335130967165341298e-03,9.638099379865109123e-06,-2.246121721300173985e-02,-1.180281722964716994e-03,1.222467091446328633e-02
3.745407115539632625e-02,-1.195779309002274228e-02,8.833739006276014605e-03,-1.241726930730778326e-02,2.150936098490831977e-02,-1.203587738073958607e-03,-1.455537204239962202e-03,6.240419790099374468e-03,1.321503972679573518e-03,-1.539248653262665842e-02,0.000000000000000000e+00,2.927344548813507613e-02,6.288177088296856634e-03,-3.942604279603203338e-02,6.004041970719420536e-03,-1.150801810952275031e-02,-1.005626866170665837e-02,1.493581954970399361e-02,3.460978214297665001e-02
-4.107685537019440530e-02,-1.830232702004683243e-02,-2.432403646590695565e-02,-5.657794191040010912e-02,6.090985431409179363e-02,3.385668942424633655e-03,-1.976560363948855897e-02,1.650852819610812774e-02,-2.851264098167943795e-02,-4.493872851476834324e-02,2.927344548813507613e-02,0.000000000000000000e+00,-2.763858380035433271e-02,1.127569344139246893e-01,-2.356725184951981647e-02,-3.808217526257787200e-02,-3.421490802820296301e-02,1.103286047438236661e-01,1.935850565031748891e-02
5.203511567568690210e-02,7.166911020868223237e-02,2.675022903198231040e-03,4.405582304279968310e-03,5.638553738103520979e-02,-3.503095054329365132e-02,-1.260045279239223326e-02,1.484072584213234902e-02,3.331247602534646857e-02,9.888261343307216608e-03,6.288177088296856634e-03,-2.763858380035433271e-02,0.000000000000000000e+00,1.156450600135729978e-01,2.243718402880270218e-02,-2.569878871657180902e-02,2.815188661130344980e-02,-1.474705533582571296e-02,-5.405662857268437975e-03
-4.085213931506213869e-02,-4.051362581740861404e-03,-2.568274265066832276e-02,4.288089985077077337e-02,4.582271089127848418e-02,7.740435328192305300e-03,-3.828395256503366786e-03,-2.995208285440839873e-03,3.212714010940392884e-02,2.618719445140216175e-03,-3.942604279603203338e-02,1.127569344139246893e-01,1.156450600135729978e-01,0.000000000000000000e+00,6.466333843058351752e-03,1.476297201324830964e-02,1.110339148732610026e-02,6.227953870346412957e-02,2.279545598381420984e-02
-9.211287108482945143e-03,-1.651009271851173327e-02,4.851249192995447240e-02,-1.647038759803835448e-02,-1.721398457372434049e-02,1.044838086773677670e-02,-6.524739620362761047e-03,3.137834591697198638e-02,-2.118184760479113748e-02,-5.335130967165341298e-03,6.004041970719420536e-03,-2.356725184951981647e-02,2.243718402880270218e-02,6.466333843058351752e-03,0.000000000000000000e+00,2.425617177906919109e-02,-2.137143540570443992e-02,-9.114478948258588481e-03,6.157837226459576124e-03
-1.700297180239846925e-02,-6.738817101621549961e-03,-3.561306628270807968e-03,-5.087789964178093599e-04,-1.718241502881156374e-02,-1.693034684054940328e-02,2.438147301461407457e-02,-5.588506003777094985e-03,-1.406758600182271644e-03,9.638099379865109123e-06,-1.150801810952275031e-02,-3.808217526257787200e-02,-2.569878871657180902e-02,1.476297201324830964e-02,2.425617177906919109e-02,0.000000000000000000e+00,-1.500832138015570361e-02,-5.964762062701368592e-03,-1.170701753458535180e-02
-2.759752196861069498e-02,-1.775279804165271619e-02,-1.339498174023930586e-02,-1.432377254564183057e-02,1.380322044803439230e-02,1.296736002419160948e-02,3.156403074060271270e-03,-2.447053243507096160e-02,-1.678131727067225243e-02,-2.246121721300173985e-02,-1.005626866170665837e-02,-3.421490802820296301e-02,2.815188661130344980e-02,1.110339148732610026e-02,-2.137143540570443992e-02,-1.500832138015570361e-02,0.000000000000000000e+00,5.062256108967216894e-02,2.456103864431464362e-02
1.559835368376074824e-02,-1.060643837364041130e-02,8.518057621923233458e-02,8.473983794624533744e-03,8.599011783867802072e-02,-1.730630156681130932e-02,-1.081630518082195638e-02,-1.529086459537806059e-03,6.934317839521389644e-03,-1.180281722964716994e-03,1.493581954970399361e-02,1.103286047438236661e-01,-1.474705533582571296e-02,6.227953870346412957e-02,-9.114478948258588481e-03,-5.964762062701368592e-03,5.062256108967216894e-02,0.000000000000000000e+00,2.733015655434788138e-03
-8.662828744362454508e-03,-1.114344370563125595e-02,6.612423729189023658e-02,1.630494114966633476e-02,7.317661873055911204e-02,-3.096994430407119716e-03,-1.675609296744088109e-02,-1.481055572252711408e-02,2.512094150619045840e-02,1.222467091446328633e-02,3.460978214297665001e-02,1.935850565031748891e-02,-5.405662857268437975e-03,2.279545598381420984e-02,6.157837226459576124e-03,-1.170701753458535180e-02,2.456103864431464362e-02,2.733015655434788138e-03,0.000000000000000000e+00
