0.000000000000000000e+00,2.396464444683995068e-02,1.337967647222083611e-01,1.029919982648277166e-01,5.477931023063877664e-02,6.530040259582792217e-02,5.003722058672081460e-03,1.348622274029128432e-01,-5.796158547227180276e-03,3.384574529549408406e-02,-1.532057041015940681e-02,-8.625942283944859970e-03,7.290894210465177772e-02,8.308702058264845914e-04,-4.718095084476322913e-03,4.425146339780810373e-02,5.067403630105166146e-02,5.201095851462100850e-02,-1.197282850050907475e-02
2.396464444683995068e-02,0.000000000000000000e+00,8.453782535917522822e-02,2.715298672590263918e-01,5.087361596562043481e-02,7.170398117805314164e-02,6.122767101146059723e-03,1.036769667835006625e-01,-8.010725419146618245e-03,2.510757252663491437e-02,-1.157639194392997770e-02,2.207587167165699429e-02,8.559390466341162962e-02,2.812246993322006089e-02,1.163246627066260100e-02,2.057038289827570893e-02,1.248739760828074113e-01,9.290000594745831397e-02,-4.057636942855186168e-03
1.337967647222083611e-01,8.453782535917522822e-02,0.000000000000000000e+00,-5.515072395885333399e-03,1.340810858474411893e-01,3.235820105359766413e-02,8.805724422706768043e-03,1.715738128863706843e-02,3.490847566038285388e-02,3.188617489354142465e-02,-4.719511325675098019e-03,-8.594115893617484958e-03,6.726120727487804041e-02,-6.951754234322593540e-03,-9.706683060880022182e-03,7.050747162051801409e-02,8.046708776393676765e-02,4.968718209694707871e-02,6.183071725541002678e-02
1.029919982648277166e-01,2.715298672590263918e-01,-5.515072395885333399e-03,0.000000000000000000e+00,1.338332362713980372e-01,1.507496756002152660e-01,1.933985478529912788e-03,2.866351864629252885e-02,8.526729705235377293e-03,2.060591402814657830e-02,4.702604294224770401e-03,8.578060975365409124e-02,8.729085080851455014e-02,6.969501512814105237e-02,9.822853372631400876e-03,2.338213586325873367e-02,7.369367515099003096e-04,2.431434454177074378e-01,2.945091562673827212e-01
5.477931023063877664e-02,5.087361596562043481e-02,1.340810858474411893e-01,1.338332362713980372e-01,0.000000000000000000e+00,3.294275520055318235e-02,9.553302208629185777e-02,3.620708047316169298e-02,-4.579903988556066619e-03,8.553885124535732859e-04,-5.145181896033163872e-03,1.344535118131271433e-02,1.212938542205777882e-02,-1.380647434807096528e-02,2.620275047262639670e-02,-4.463933493244333188e-03,9.997704807718713060e-02,-3.915864350434568536e-04,1.789678895886576693e-01
6.530040259582792217e-02,7.170398117805314164e-02,3.235820105359766413e-02,1.507496756002152660e-01,3.294275520055318235e-02,0.000000000000000000e+00,6.279641549243870913e-02,4.743538104968961916e-02,1.361059505558750646e-02,-1.191903623097152407e-02,2.300868380325233470e-02,1.419500417477762289e-01,-2.006603786146398771e-04,-6.424478093237160140e-03,9.820393985514434126e-03,-4.541390225602751074e-03,3.716723013406040416e-02,1.702024480582906701e-02,1.240139978403169002e-01
5.003722058672081460e-03,6.122767101146059723e-03,8.805724422706768043e-03,1.933985478529912788e-03,9.553302208629185777e-02,6.279641549243870913e-02,0.000000000000000000e+00,-4.823614486191534455e-03,8.012246737869924140e-02,-1.011140462279799292e-02,4.496815614562518076e-02,4.491887104025435451e-02,9.892665509267003707e-03,7.984799533365319335e-02,1.218873209453112255e-01,1.717672926986252291e-02,-1.085314563241114409e-02,-3.115632285670621397e-03,-4.217281269796961489e-03
1.348622274029128432e-01,1.036769667835006625e-01,1.715738128863706843e-02,2.866351864629252885e-02,3.620708047316169298e-02,4.743538104968961916e-02,-4.823614486191534455e-03,0.000000000000000000e+00,-1.399864855706676667e-02,-8.858572058246180769e-03,1.506501270992391117e-01,4.624582654615273791e-02,8.099441058122008874e-02,4.434017025131005429e-02,-1.724231114282698957e-02,8.209080071404624424e-02,2.324556132460977448e-02,1.392257097725395354e-01,3.369534588715219492e-01
-5.796158547227180276e-03,-8.010725419146618245e-03,3.490847566038285388e-02,8.526729705235377293e-03,-4.579903988556066619e-03,1.361059505558750646e-02,8.012246737869924140e-02,-1.399864855706676667e-02,0.000000000000000000e+00,6.602142493186667800e-03,1.058418315633717285e-02,3.507757566012258132e-03,2.465317323797425880e-02,3.716129770048528375e-02,2.489301251136287821e-02,4.251868108270682317e-02,-3.900108673090090829e-03,6.983291510134689677e-03,5.539869814305671547e-02
3.384574529549408406e-02,2.510757252663491437e-02,3.188617489354142465e-02,2.060591402814657830e-02,8.553885124535732859e-04,-1.191903623097152407e-02,-1.011140462279799292e-02,-8.858572058246180769e-03,6.602142493186667800e-03,0.000000000000000000e+00,3.411711004566374272e-02,3.787336943247304744e-02,3.627721260159462967e-03,7.800536284845925768e-03,-7.658710406057450681e-03,3.588203206162426245e-02,1.280955354409417379e-02,4.093900605399855563e-02,2.129172322450173238e-01
-1.532057041015940681e-02,-1.157639194392997770e-02,-4.719511325675098019e-03,4.702604294224770401e-03,-5.145181896033163872e-03,2.300868380325233470e-02,4.496815614562518076e-02,1.506501270992391117e-01,1.058418315633717285e-02,3.411711004566374272e-02,0.000000000000000000e+00,-1.237959502555299046e-02,2.466999798806624594e-02,-6.060876711848536477e-03,-1.102856224423631737e-02,4.021464905240502985e-02,-1.386776012172375935e-02,7.442198817962585814e-04,-1.005937200149248714e-02
-8.625942283944859970e-03,2.207587167165699429e-02,-8.594115893617484958e-03,8.578060975365409124e-02,1.344535118131271433e-02,1.419500417477762289e-01,4.491887104025435451e-02,4.624582654615273791e-02,3.507757566012258132e-03,3.787336943247304744e-02,-1.237959502555299046e-02,0.000000000000000000e+00,1.787846852502136125e-02,-1.534163641734172766e-02,3.780074795830187795e-03,1.438887419942269132e-02,1.393276290481867095e-02,6.726379796064294037e-02,-7.515394466271202098e-03
7.290894210465177772e-02,8.559390466341162962e-02,6.726120727487804041e-02,8.729085080851455014e-02,1.212938542205777882e-02,-2.006603786146398771e-04,9.892665509267003707e-03,8.099441058122008874e-02,2.465317323797425880e-02,3.627721260159462967e-03,2.466999798806624594e-02,1.787846852502136125e-02,0.000000000000000000e+00,2.136308368562856580e-02,-3.830831510325315246e-03,3.111660692983287888e-02,8.168042281112544711e-02,-9.171214506527986671e-03,4.198351800368606973e-02
8.308702058264845914e-04,2.812246993322006089e-02,-6.951754234322593540e-03,6.969501512814105237e-02,-1.380647434807096528e-02,-6.424478093237160140e-03,7.984799533365319335e-02,4.434017025131005429e-02,3.716129770048528375e-02,7.800536284845925768e-03,-6.060876711848536477e-03,-1.534163641734172766e-02,2.136308368562856580e-02,0.000000000000000000e+00,-2.932805996595572694e-03,9.843732038423378197e-03,1.397152529997551865e-02,-1.336797534237724530e-02,6.743176380657836533e-02
-4.718095084476322913e-03,1.163246627066260100e-02,-9.706683060880022182e-03,9.822853372631400876e-03,2.620275047262639670e-02,9.820393985514434126e-03,1.218873209453112255e-01,-1.724231114282698957e-02,2.489301251136287821e-02,-7.658710406057450681e-03,-1.102856224423631737e-02,3.780074795830187795e-03,-3.830831510325315246e-03,-2.932805996595572694e-03,0.000000000000000000e+00,1.037090829032331074e-01,1.793427305112933051e-02,-1.077817649084885851e-02,6.333546545134222279e-04
4.425146339780810373e-02,2.057038289827570893e-02,7.050747162051801409e-02,2.338213586325873367e-02,-4.463933493244333188e-03,-4.541390225602751074e-03,1.717672926986252291e-02,8.209080071404624424e-02,4.251868108270682317e-02,3.588203206162426245e-02,4.021464905240502985e-02,1.438887419942269132e-02,3.111660692983287888e-02,9.843732038423378197e-03,1.037090829032331074e-01,0.000000000000000000e+00,5.070569390181428604e-02,4.125748174852976458e-02,2.246359055111767436e-02
5.067403630105166146e-02,1.248739760828074113e-01,8.046708776393676765e-02,7.369367515099003096e-04,9.997704807718713060e-02,3.716723013406040416e-02,-1.085314563241114409e-02,2.324556132460977448e-02,-3.900108673090090829e-03,1.280955354409417379e-02,-1.386776012172375935e-02,1.393276290481867095e-02,8.168042281112544711e-02,1.397152529997551865e-02,1.793427305112933051e-02,5.070569390181428604e-02,0.000000000000000000e+00,1.113267449579715962e-01,1.037055674093963764e-01
5.201095851462100850e-02,9.290000594745831397e-02,4.968718209694707871e-02,2.431434454177074378e-01,-3.915864350434568536e-04,1.702024480582906701e-02,-3.115632285670621397e-03,1.392257097725395354e-01,6.983291510134689677e-03,4.093900605399855563e-02,7.442198817962585814e-04,6.726379796064294037e-02,-9.171214506527986671e-03,-1.336797534237724530e-02,-1.077817649084885851e-02,4.125748174852976458e-02,1.113267449579715962e-01,0.000000000000000000e+00,1.930056365474963620e-01
-1.197282850050907475e-02,-4.057636942855186168e-03,6.183071725541002678e-02,2.945091562673827212e-01,1.789678895886576693e-01,1.240139978403169002e-01,-4.217281269796961489e-03,3.369534588715219492e-01,5.539869814305671547e-02,2.129172322450173238e-01,-1.005937200149248714e-02,-7.515394466271202098e-03,4.198351800368606973e-02,6.743176380657836533e-02,6.333546545134222279e-04,2.246359055111767436e-02,1.037055674093963764e-01,1.930056365474963620e-01,0.000000000000000000e+00
