0.000000000000000000e+00,1.495128930407297989e-02,1.674188803643183454e-01,7.809016884758553101e-02,3.666475808237621564e-02,3.264817939177441092e-02,3.138216641852272781e-01,6.963655233200015393e-02,1.672149465201889507e-01,2.238489747016211492e-02,-1.928991013117806880e-02,2.987984148083114300e-02,8.321766130694704597e-03,1.945646943680725454e-03,2.907324626273430704e-02,-9.341773051003752701e-03,4.655332288374781913e-02,1.892118169443718356e-02,1.007184179595360524e-01
1.495128930407297989e-02,0.000000000000000000e+00,5.417810191706991241e-02,1.440217163909660036e-01,2.405934203397708943e-02,2.863899302106616244e-03,3.523408495483046354e-01,6.241132729135988322e-02,1.135190392829606709e-01,1.866627870006921930e-02,1.686432892976778841e-02,2.946540365883329460e-02,8.223607015225236835e-03,6.382531100888441146e-03,3.779532436559469161e-02,8.993952889352395050e-03,1.809332906993643686e-02,1.670095035004448905e-02,4.618179119834864982e-02
1.674188803643183454e-01,5.417810191706991241e-02,0.000000000000000000e+00,3.710325127124190509e-03,1.358077745981269568e-01,2.058441622064030238e-02,2.741673842035023956e-01,2.162577559416058517e-02,2.255771841722441773e-01,2.389986423022076242e-02,1.998562453052046550e-01,6.178425336267024531e-02,5.487584109605175148e-02,1.497775386433140843e-02,7.177246951598979796e-02,-3.102924643654479068e-03,-8.891970204681009030e-03,9.748584642740483475e-02,5.189734160399993995e-02
7.809016884758553101e-02,1.440217163909660036e-01,3.710325127124190509e-03,0.000000000000000000e+00,2.143679076022314556e-02,4.484148359340876105e-02,3.023254036074633500e-01,4.100745404770878011e-02,1.650627045799987480e-01,3.397790545821069430e-02,1.648338495540655479e-01,2.325038650443581323e-01,5.685923965625678395e-02,3.238287170670359899e-02,5.449638143975586713e-02,5.837877158524689553e-02,7.662767293818358028e-02,4.973290837838282435e-02,5.426325752053029472e-02
3.666475808237621564e-02,2.405934203397708943e-02,1.358077745981269568e-01,2.143679076022314556e-02,0.000000000000000000e+00,1.901975504665562311e-02,1.686942387510905750e-01,6.684461344248010528e-02,3.103492518385461696e-01,4.381116492432053644e-02,9.356458433013432885e-02,6.772388189831809839e-03,1.809266705933742017e-02,-4.533385856442932217e-03,4.780268204640104185e-02,7.266605984792028072e-02,9.636913575242302132e-02,7.912811938585112559e-02,1.199785596478188457e-02
3.264817939177441092e-02,2.863899302106616244e-03,2.058441622064030238e-02,4.484148359340876105e-02,1.901975504665562311e-02,0.000000000000000000e+00,1.670864556310116267e-01,-2.405075272294424863e-03,2.623315548281784926e-01,1.258928793343711168e-02,7.574279688767683594e-02,4.507974995548207769e-02,4.343554229842468140e-02,9.351274824066847444e-03,6.105565492777379095e-03,1.668779143330384115e-02,6.186033417341400831e-02,5.076469534910597881e-02,2.484071143463036438e-02
3.138216641852272781e-01,3.523408495483046354e-01,2.741673842035023956e-01,3.023254036074633500e-01,1.686942387510905750e-01,1.670864556310116267e-01,0.000000000000000000e+00,1.435480002019034196e-01,5.233207168409933496e-01,1.059279140121508339e-01,3.604485525955479774e-01,2.309373920488792531e-01,2.624930072072916842e-01,1.328433742536594686e-01,2.153933146748606142e-01,1.077378190564203947e-01,2.527569666598553644e-01,1.121722610958923866e-01,1.086489373980721457e-01
6.963655233200015393e-02,6.241132729135988322e-02,2.162577559416058517e-02,4.100745404770878011e-02,6.684461344248010528e-02,-2.405075272294424863e-03,1.435480002019034196e-01,0.000000000000000000e+00,5.520953923269044522e-02,4.346939545995031490e-02,8.086888821990759202e-02,-9.611713847811051751e-05,5.326442791878855526e-02,5.872877238170665787e-03,1.383624311637901907e-02,8.484419415421655397e-02,3.538818419202559989e-02,5.897495820949751749e-02,6.189174199542094718e-02
1.672149465201889507e-01,1.135190392829606709e-01,2.255771841722441773e-01,1.650627045799987480e-01,3.103492518385461696e-01,2.623315548281784926e-01,5.233207168409933496e-01,5.520953923269044522e-02,0.000000000000000000e+00,1.101975555781063293e-01,4.108585776354563568e-01,1.799591646031252490e-01,5.884918107545961119e-02,5.673852745354836247e-02,1.536602505196325574e-01,6.966700508140441506e-02,9.586855071396341299e-02,1.896185232265661380e-01,6.978291312474492469e-02
2.238489747016211492e-02,1.866627870006921930e-02,2.389986423022076242e-02,3.397790545821069430e-02,4.381116492432053644e-02,1.258928793343711168e-02,1.059279140121508339e-01,4.346939545995031490e-02,1.101975555781063293e-01,0.000000000000000000e+00,7.911759122991925131e-02,2.311021131530401757e-02,-1.904855298926705711e-04,2.345436433211983349e-02,3.714441364335783341e-02,7.801431198157318669e-02,1.783832460508160203e-02,8.445697721736878869e-03,5.628228361500111493e-02
-1.928991013117806880e-02,1.686432892976778841e-02,1.998562453052046550e-01,1.648338495540655479e-01,9.356458433013432885e-02,7.574279688767683594e-02,3.604485525955479774e-01,8.086888821990759202e-02,4.108585776354563568e-01,7.911759122991925131e-02,0.000000000000000000e+00,5.914644324693891370e-02,1.347150712931876604e-01,6.393137835913038913e-02,8.127100814015301988e-02,1.688921629957425286e-01,3.169665017086001346e-01,1.699516227557880677e-01,2.640321888349757631e-02
2.987984148083114300e-02,2.946540365883329460e-02,6.178425336267024531e-02,2.325038650443581323e-01,6.772388189831809839e-03,4.507974995548207769e-02,2.309373920488792531e-01,-9.611713847811051751e-05,1.799591646031252490e-01,2.311021131530401757e-02,5.914644324693891370e-02,0.000000000000000000e+00,-3.746408732248337602e-03,7.501824959290555317e-02,5.539205269418463751e-02,-4.199412037569835721e-03,1.098650085342920378e-02,4.216198771049815136e-02,9.019688013035149013e-03
8.321766130694704597e-03,8.223607015225236835e-03,5.487584109605175148e-02,5.685923965625678395e-02,1.809266705933742017e-02,4.343554229842468140e-02,2.624930072072916842e-01,5.326442791878855526e-02,5.884918107545961119e-02,-1.904855298926705711e-04,1.347150712931876604e-01,-3.746408732248337602e-03,0.000000000000000000e+00,1.109522044980327214e-02,2.647948997205500088e-02,2.362625293554227596e-02,3.554883534088495306e-02,3.580713568668610156e-03,6.006918019812229614e-02
1.945646943680725454e-03,6.382531100888441146e-03,1.497775386433140843e-02,3.238287170670359899e-02,-4.533385856442932217e-03,9.351274824066847444e-03,1.328433742536594686e-01,5.872877238170665787e-03,5.673852745354836247e-02,2.345436433211983349e-02,6.393137835913038913e-02,7.501824959290555317e-02,1.109522044980327214e-02,0.000000000000000000e+00,1.934625467568971621e-02,1.140422532767087875e-02,3.629365076331902279e-02,1.250610225941593324e-04,8.266205968210940669e-03
2.907324626273430704e-02,3.779532436559469161e-02,7.177246951598979796e-02,5.449638143975586713e-02,4.780268204640104185e-02,6.105565492777379095e-03,2.153933146748606142e-01,1.383624311637901907e-02,1.536602505196325574e-01,3.714441364335783341e-02,8.127100814015301988e-02,5.539205269418463751e-02,2.647948997205500088e-02,1.934625467568971621e-02,0.000000000000000000e+00,1.580777464163277829e-02,3.050893054361732484e-02,6.024276941805450751e-03,3.856148742398730206e-02
-9.341773051003752701e-03,8.993952889352395050e-03,-3.102924643654479068e-03,5.837877158524689553e-02,7.266605984792028072e-02,1.668779143330384115e-02,1.077378190564203947e-01,8.484419415421655397e-02,6.966700508140441506e-02,7.801431198157318669e-02,1.688921629957425286e-01,-4.199412037569835721e-03,2.362625293554227596e-02,1.140422532767087875e-02,1.580777464163277829e-02,0.000000000000000000e+00,5.914868453893677019e-02,2.326486883360481817e-02,9.686068905964764775e-02
4.655332288374781913e-02,1.809332906993643686e-02,-8.891970204681009030e-03,7.662767293818358028e-02,9.636913575242302132e-02,6.186033417341400831e-02,2.527569666598553644e-01,3.538818419202559989e-02,9.586855071396341299e-02,1.783832460508160203e-02,3.169665017086001346e-01,1.098650085342920378e-02,3.554883534088495306e-02,3.629365076331902279e-02,3.050893054361732484e-02,5.914868453893677019e-02,0.000000000000000000e+00,1.171496380054421610e-01,8.697363006220443227e-02
1.892118169443718356e-02,1.670095035004448905e-02,9.748584642740483475e-02,4.973290837838282435e-02,7.912811938585112559e-02,5.076469534910597881e-02,1.121722610958923866e-01,5.897495820949751749e-02,1.896185232265661380e-01,8.445697721736878869e-03,1.699516227557880677e-01,4.216198771049815136e-02,3.580713568668610156e-03,1.250610225941593324e-04,6.024276941805450751e-03,2.326486883360481817e-02,1.171496380054421610e-01,0.000000000000000000e+00,1.414209604576460166e-01
1.007184179595360524e-01,4.618179119834864982e-02,5.189734160399993995e-02,5.426325752053029472e-02,1.199785596478188457e-02,2.484071143463036438e-02,1.086489373980721457e-01,6.189174199542094718e-02,6.978291312474492469e-02,5.628228361500111493e-02,2.640321888349757631e-02,9.019688013035149013e-03,6.006918019812229614e-02,8.266205968210940669e-03,3.856148742398730206e-02,9.686068905964764775e-02,8.697363006220443227e-02,1.414209604576460166e-01,0.000000000000000000e+00
