0.000000000000000000e+00,3.167423807524448465e-02,2.906614393409672203e-01,5.396755181007457935e-02,-1.218891428423369422e-02,2.885735447438421766e-02,-3.308918858342712547e-03,1.672655848706948445e-02,4.409065471910931372e-02,1.231958407642415460e-01,-1.672356302986147819e-02,9.611531455935495502e-03,2.483096279720609090e-02,3.587868582033140186e-01,3.587868582033140186e-01,8.254658791891240910e-02,2.307992981647017106e-01,-3.538162213246986987e-03,-8.651134939744949820e-03
3.167423807524448465e-02,0.000000000000000000e+00,2.630468164388945485e-01,9.783133741195024213e-02,-1.421909952009998458e-02,1.293028246127058203e-02,1.687179007235541832e-03,8.754315336030339331e-03,5.703663705574650578e-02,1.396417266853149930e-01,1.374942898316120453e-02,-1.346494517765418550e-02,2.062835935753440722e-02,4.248850483195651395e-01,4.248850483195651395e-01,3.963674374828159847e-02,2.685422906636906193e-01,-4.856494106888270199e-03,-6.394370348884875765e-03
2.906614393409672203e-01,2.630468164388945485e-01,0.000000000000000000e+00,1.175974432261705643e-01,1.210682077560434750e-01,2.473782500292632386e-02,8.856678917845364762e-02,6.424199497760468835e-02,9.873470751719534699e-02,2.916052517333521735e-02,-3.250784145483710634e-03,1.374055777881642015e-01,6.511314756395700232e-02,1.561812586419560056e-01,1.561812586419560056e-01,-1.045690198444185030e-02,2.302225959044206655e-02,1.248661593480845794e-01,1.499619142323662113e-01
5.396755181007457935e-02,9.783133741195024213e-02,1.175974432261705643e-01,0.000000000000000000e+00,3.442377993207453024e-02,3.997055270536532812e-02,5.557085278978024512e-03,-2.285000503937632647e-03,-5.310387658392292688e-03,3.515897541534882681e-02,2.001498746435785916e-02,5.294547737981782597e-03,1.869991728063984809e-02,1.224037644009659011e-02,1.224037644009659011e-02,9.383328320780644910e-03,4.861753103709548669e-03,1.281724460289537237e-01,4.566834147028867030e-02
-1.218891428423369422e-02,-1.421909952009998458e-02,1.210682077560434750e-01,3.442377993207453024e-02,0.000000000000000000e+00,-1.021084151659896327e-02,-5.553255205624023014e-03,2.840674129279712606e-02,1.419329027129545215e-02,3.123251563994068961e-02,8.381995236954094958e-03,-1.416171093520971966e-02,5.031417460038621614e-02,6.361308635135341782e-02,6.361308635135341782e-02,7.255663592038337495e-02,7.511083083330918897e-02,2.081252919325694839e-02,-2.241090415314741634e-03
2.885735447438421766e-02,1.293028246127058203e-02,2.473782500292632386e-02,3.997055270536532812e-02,-1.021084151659896327e-02,0.000000000000000000e+00,-1.700771897150486073e-02,-1.121270734781901202e-02,-8.429379882971316587e-03,-7.043722606585406561e-03,-2.257292062212199607e-02,-9.919521054159625290e-03,8.426661013525735267e-02,8.710011726426035786e-03,8.710011726426035786e-03,-1.578541184419108385e-03,2.103161144201293534e-02,6.165404328963602215e-03,-1.207124693504639870e-02
-3.308918858342712547e-03,1.687179007235541832e-03,8.856678917845364762e-02,5.557085278978024512e-03,-5.553255205624023014e-03,-1.700771897150486073e-02,0.000000000000000000e+00,-6.028978109336722777e-03,1.906739830322533346e-03,5.655893337354502698e-02,-2.996775409080388794e-02,2.854442144166839928e-03,6.132294739495453006e-02,2.376071287483383365e-02,2.376071287483383365e-02,6.776937218612517910e-02,7.860683990723105197e-02,3.298275609938864511e-02,1.849711602647179749e-03
1.672655848706948445e-02,8.754315336030339331e-03,6.424199497760468835e-02,-2.285000503937632647e-03,2.840674129279712606e-02,-1.121270734781901202e-02,-6.028978109336722777e-03,0.000000000000000000e+00,-1.621750037850652054e-02,1.736361153244970340e-02,-2.679736813161839176e-02,2.785775588093963601e-03,6.440582109273641775e-02,-1.073717395944788142e-02,-1.073717395944788142e-02,5.430254797378516324e-02,9.231417159850574734e-05,1.523254877585002512e-02,-6.567301650309537338e-03
4.409065471910931372e-02,5.703663705574650578e-02,9.873470751719534699e-02,-5.310387658392292688e-03,1.419329027129545215e-02,-8.429379882971316587e-03,1.906739830322533346e-03,-1.621750037850652054e-02,0.000000000000000000e+00,1.114892763361684802e-01,-1.458306486212427276e-02,3.955953834981579265e-02,1.558758285119470587e-02,-1.546361993994203876e-02,-1.546361993994203876e-02,-1.489039496595281897e-02,8.384025997792478660e-03,9.161231308518827388e-02,4.606196459158866385e-02
1.231958407642415460e-01,1.396417266853149930e-01,2.916052517333521735e-02,3.515897541534882681e-02,3.123251563994068961e-02,-7.043722606585406561e-03,5.655893337354502698e-02,1.736361153244970340e-02,1.114892763361684802e-01,0.000000000000000000e+00,-3.882744690156689975e-04,9.257452332300267206e-02,-4.902947520922232814e-03,2.006277555914409011e-02,2.006277555914409011e-02,-2.050113942983006893e-02,-7.125841077974179143e-03,9.740196838298167958e-02,6.220078720871176359e-02
-1.672356302986147819e-02,1.374942898316120453e-02,-3.250784145483710634e-03,2.001498746435785916e-02,8.381995236954094958e-03,-2.257292062212199607e-02,-2.996775409080388794e-02,-2.679736813161839176e-02,-1.458306486212427276e-02,-3.882744690156689975e-04,0.000000000000000000e+00,9.181008145455124558e-03,1.168994199554646840e-01,-6.942618610021050393e-03,-6.942618610021050393e-03,2.415430616599539837e-02,1.473322886503735871e-02,-2.000431955003264400e-02,-1.698885909750561668e-02
9.611531455935495502e-03,-1.346494517765418550e-02,1.374055777881642015e-01,5.294547737981782597e-03,-1.416171093520971966e-02,-9.919521054159625290e-03,2.854442144166839928e-03,2.785775588093963601e-03,3.955953834981579265e-02,9.257452332300267206e-02,9.181008145455124558e-03,0.000000000000000000e+00,-1.211709643996509295e-02,1.694418300495083990e-02,1.694418300495083990e-02,4.444607515673045656e-02,2.437756371893744917e-02,-1.030809412043349506e-02,-1.367551788765828183e-02
2.483096279720609090e-02,2.062835935753440722e-02,6.511314756395700232e-02,1.869991728063984809e-02,5.031417460038621614e-02,8.426661013525735267e-02,6.132294739495453006e-02,6.440582109273641775e-02,1.558758285119470587e-02,-4.902947520922232814e-03,1.168994199554646840e-01,-1.211709643996509295e-02,0.000000000000000000e+00,8.079869411254761435e-02,8.079869411254761435e-02,6.060693686830717977e-03,9.371471677689882651e-02,7.354786923831473089e-02,9.642329240677398328e-02
3.587868582033140186e-01,4.248850483195651395e-01,1.561812586419560056e-01,1.224037644009659011e-02,6.361308635135341782e-02,8.710011726426035786e-03,2.376071287483383365e-02,-1.073717395944788142e-02,-1.546361993994203876e-02,2.006277555914409011e-02,-6.942618610021050393e-03,1.694418300495083990e-02,8.079869411254761435e-02,0.000000000000000000e+00,-5.231334124731498378e-03,1.887610315333238670e-02,1.614645380264440044e-01,2.021363667308626044e-01,9.019565000726967319e-02
3.587868582033140186e-01,4.248850483195651395e-01,1.561812586419560056e-01,1.224037644009659011e-02,6.361308635135341782e-02,8.710011726426035786e-03,2.376071287483383365e-02,-1.073717395944788142e-02,-1.546361993994203876e-02,2.006277555914409011e-02,-6.942618610021050393e-03,1.694418300495083990e-02,8.079869411254761435e-02,-5.231334124731498378e-03,0.000000000000000000e+00,1.887610315333238670e-02,1.614645380264440044e-01,2.021363667308626044e-01,9.019565000726967319e-02
8.254658791891240910e-02,3.963674374828159847e-02,-1.045690198444185030e-02,9.383328320780644910e-03,7.255663592038337495e-02,-1.578541184419108385e-03,6.776937218612517910e-02,5.430254797378516324e-02,-1.489039496595281897e-02,-2.050113942983006893e-02,2.415430616599539837e-02,4.444607515673045656e-02,6.060693686830717977e-03,1.887610315333238670e-02,1.887610315333238670e-02,0.000000000000000000e+00,2.325361180752347733e-03,4.946068630206558459e-02,2.592154289530186270e-02
2.307992981647017106e-01,2.685422906636906193e-01,2.302225959044206655e-02,4.861753103709548669e-03,7.511083083330918897e-02,2.103161144201293534e-02,7.860683990723105197e-02,9.231417159850574734e-05,8.384025997792478660e-03,-7.125841077974179143e-03,1.473322886503735871e-02,2.437756371893744917e-02,9.371471677689882651e-02,1.614645380264440044e-01,1.614645380264440044e-01,2.325361180752347733e-03,0.000000000000000000e+00,2.833760672516664192e-01,1.454895775306724592e-01
-3.538162213246986987e-03,-4.856494106888270199e-03,1.248661593480845794e-01,1.281724460289537237e-01,2.081252919325694839e-02,6.165404328963602215e-03,3.298275609938864511e-02,1.523254877585002512e-02,9.161231308518827388e-02,9.740196838298167958e-02,-2.000431955003264400e-02,-1.030809412043349506e-02,7.354786923831473089e-02,2.021363667308626044e-01,2.021363667308626044e-01,4.946068630206558459e-02,2.833760672516664192e-01,0.000000000000000000e+00,1.138343022440968001e-02
-8.651134939744949820e-03,-6.394370348884875765e-03,1.499619142323662113e-01,4.566834147028867030e-02,-2.241090415314741634e-03,-1.207124693504639870e-02,1.849711602647179749e-03,-6.567301650309537338e-03,4.606196459158866385e-02,6.220078720871176359e-02,-1.698885909750561668e-02,-1.367551788765828183e-02,9.642329240677398328e-02,9.019565000726967319e-02,9.019565000726967319e-02,2.592154289530186270e-02,1.454895775306724592e-01,1.138343022440968001e-02,0.000000000000000000e+00
