0.000000000000000000e+00,1.935642958088359608e-02,1.382981147425244028e-01,9.247380066686657074e-02,2.177307805343968727e-01,2.010670482424347094e-01,1.922927259667048597e-02,1.128828470919136795e-01,1.063511626031793111e-01,1.841609653185055373e-01,1.202307877084343446e-01,3.365088335141191295e-02,1.213635656480996361e-01,6.406891238913346720e-02,1.535280560999932944e-02,1.344797037583637389e-01,8.045943179000979162e-02,1.811113479076983113e-01,2.732809895383271973e-02
1.935642958088359608e-02,0.000000000000000000e+00,1.230108576200355797e-01,9.945931056566124917e-02,1.978059473175798610e-01,1.984648825977819719e-01,7.675103945857915388e-03,1.047280548898595759e-01,9.386421393933246093e-02,1.763744201799621603e-01,9.664350288572999548e-02,6.382621177752062502e-02,1.005349426868850926e-01,7.934228905702124524e-02,9.796820518614676732e-03,1.199656458445837320e-01,8.014053782408456228e-02,1.645928451482246424e-01,1.422757101376978875e-02
1.382981147425244028e-01,1.230108576200355797e-01,0.000000000000000000e+00,7.984779251027163127e-02,2.180320967852307223e-01,1.757660496730622524e-01,1.081104866734357989e-01,1.945749689690759107e-02,1.662404290568924442e-02,1.186944354886554920e-01,1.007246929267661822e-01,1.116848155378374896e-01,1.266406576223096658e-01,6.306507829910003304e-02,1.030176650719312192e-01,5.453732456313731963e-02,1.243801740179936999e-01,1.344886737392480547e-01,7.110089612602833731e-02
9.247380066686657074e-02,9.945931056566124917e-02,7.984779251027163127e-02,0.000000000000000000e+00,1.858289484519924650e-01,2.087047548536522246e-01,6.328311641743405991e-02,2.917667399369223979e-02,3.458469696191711351e-02,1.268938113780255228e-01,2.253426038375464305e-02,7.895874378124628779e-02,1.043680820764590483e-01,4.390691286177925146e-02,5.430648107340270425e-02,6.297350506481264043e-02,6.651177507336827888e-02,1.399133398077743173e-01,4.969734280018912875e-02
2.177307805343968727e-01,1.978059473175798610e-01,2.180320967852307223e-01,1.858289484519924650e-01,0.000000000000000000e+00,6.508672580260478624e-02,2.641343736463823144e-01,2.150719783206967994e-01,1.708707774301421178e-01,1.289044552549851452e-01,2.438792419187285621e-01,1.949384762549281336e-01,1.224395868798898862e-01,1.619432351205591369e-01,2.281666686447769710e-01,1.307531372764367539e-01,1.870243849670006620e-01,1.277695029431215323e-01,1.748708747012321374e-01
2.010670482424347094e-01,1.984648825977819719e-01,1.757660496730622524e-01,2.087047548536522246e-01,6.508672580260478624e-02,0.000000000000000000e+00,1.641364138926528771e-01,2.047296870484044407e-01,1.074567839884577325e-01,8.690953636187964682e-02,1.903257265038894863e-01,2.078167394227886655e-01,5.805296488394674770e-02,1.610061099219677327e-01,1.361723167968080239e-01,1.380736249155935236e-01,1.973501648754691640e-01,8.724892640353054674e-02,1.360437186638969731e-01
1.922927259667048597e-02,7.675103945857915388e-03,1.081104866734357989e-01,6.328311641743405991e-02,2.641343736463823144e-01,1.641364138926528771e-01,0.000000000000000000e+00,1.522303449685591947e-01,2.158487341715724095e-01,2.250852950001823727e-01,8.406739650414261911e-02,2.586702849474660504e-02,1.468590093171328048e-01,3.527997673183823346e-02,1.639876867990417916e-02,1.434723075030590600e-01,6.337242507942202063e-02,1.614200502542739168e-01,8.709333324912311991e-03
1.128828470919136795e-01,1.047280548898595759e-01,1.945749689690759107e-02,2.917667399369223979e-02,2.150719783206967994e-01,2.047296870484044407e-01,1.522303449685591947e-01,0.000000000000000000e+00,5.731128379192294148e-02,2.008177675201599788e-01,6.999476864906152562e-02,8.141725466685396928e-02,8.371733278087221952e-02,3.380824583474890260e-02,1.483003717329287319e-01,4.426975251554037677e-02,2.599541176888293600e-02,1.379956523292802661e-01,1.105524933115049763e-01
1.063511626031793111e-01,9.386421393933246093e-02,1.662404290568924442e-02,3.458469696191711351e-02,1.708707774301421178e-01,1.074567839884577325e-01,2.158487341715724095e-01,5.731128379192294148e-02,0.000000000000000000e+00,1.192721951315954820e-01,7.365421629992353891e-02,8.396404631283960196e-02,8.072434927811406036e-02,5.470190858271967160e-02,2.572018519353392874e-01,4.661595051654594118e-02,3.218752507478599145e-02,6.939867756415485367e-02,1.150792766612215856e-01
1.841609653185055373e-01,1.763744201799621603e-01,1.186944354886554920e-01,1.268938113780255228e-01,1.289044552549851452e-01,8.690953636187964682e-02,2.250852950001823727e-01,2.008177675201599788e-01,1.192721951315954820e-01,0.000000000000000000e+00,1.755567004252258367e-01,1.695555516295964016e-01,4.507985177676797350e-02,1.345497336565099900e-01,2.673295706164475760e-01,1.276847672945936318e-01,1.282311286925014171e-01,1.950512834054755895e-02,1.298748891109173520e-01
1.202307877084343446e-01,9.664350288572999548e-02,1.007246929267661822e-01,2.253426038375464305e-02,2.438792419187285621e-01,1.903257265038894863e-01,8.406739650414261911e-02,6.999476864906152562e-02,7.365421629992353891e-02,1.755567004252258367e-01,0.000000000000000000e+00,4.517218598441417182e-02,1.394871680095914057e-01,1.912082756974057066e-02,6.972966951342594866e-02,1.086110261255260612e-01,3.449379841558935372e-02,1.729560305475710824e-01,7.016532177718363961e-02
3.365088335141191295e-02,6.382621177752062502e-02,1.116848155378374896e-01,7.895874378124628779e-02,1.949384762549281336e-01,2.078167394227886655e-01,2.586702849474660504e-02,8.141725466685396928e-02,8.396404631283960196e-02,1.695555516295964016e-01,4.517218598441417182e-02,0.000000000000000000e+00,8.790505390708565348e-02,5.671872087491761777e-02,1.737793698443250434e-02,1.081020844439003897e-01,6.316404950360045290e-02,1.599421864711600694e-01,3.237346280460390996e-02
1.213635656480996361e-01,1.005349426868850926e-01,1.266406576223096658e-01,1.043680820764590483e-01,1.224395868798898862e-01,5.805296488394674770e-02,1.468590093171328048e-01,8.371733278087221952e-02,8.072434927811406036e-02,4.507985177676797350e-02,1.394871680095914057e-01,8.790505390708565348e-02,0.000000000000000000e+00,6.886982455322328278e-02,1.438202622970227718e-01,5.786582228506595427e-02,1.299567567267880253e-01,2.150028477231472751e-02,9.451553132548956571e-02
6.406891238913346720e-02,7.934228905702124524e-02,6.306507829910003304e-02,4.390691286177925146e-02,1.619432351205591369e-01,1.610061099219677327e-01,3.527997673183823346e-02,3.380824583474890260e-02,5.470190858271967160e-02,1.345497336565099900e-01,1.912082756974057066e-02,5.671872087491761777e-02,6.886982455322328278e-02,0.000000000000000000e+00,1.985549663305680862e-02,6.980691283379607259e-02,5.069895128343008400e-02,1.323752151856568415e-01,3.285820859447977776e-02
1.535280560999932944e-02,9.796820518614676732e-03,1.030176650719312192e-01,5.430648107340270425e-02,2.281666686447769710e-01,1.361723167968080239e-01,1.639876867990417916e-02,1.483003717329287319e-01,2.572018519353392874e-01,2.673295706164475760e-01,6.972966951342594866e-02,1.737793698443250434e-02,1.438202622970227718e-01,1.985549663305680862e-02,0.000000000000000000e+00,1.482524698166264032e-01,5.560616078018207342e-02,1.394022773250642722e-01,9.836830515599430738e-03
1.344797037583637389e-01,1.199656458445837320e-01,5.453732456313731963e-02,6.297350506481264043e-02,1.307531372764367539e-01,1.380736249155935236e-01,1.434723075030590600e-01,4.426975251554037677e-02,4.661595051654594118e-02,1.276847672945936318e-01,1.086110261255260612e-01,1.081020844439003897e-01,5.786582228506595427e-02,6.980691283379607259e-02,1.482524698166264032e-01,0.000000000000000000e+00,6.394070399977545838e-02,5.093874931492523711e-02,6.893509072123565895e-02
8.045943179000979162e-02,8.014053782408456228e-02,1.243801740179936999e-01,6.651177507336827888e-02,1.870243849670006620e-01,1.973501648754691640e-01,6.337242507942202063e-02,2.599541176888293600e-02,3.218752507478599145e-02,1.282311286925014171e-01,3.449379841558935372e-02,6.316404950360045290e-02,1.299567567267880253e-01,5.069895128343008400e-02,5.560616078018207342e-02,6.394070399977545838e-02,0.000000000000000000e+00,1.473308414079542994e-01,4.642803818789602993e-02
1.811113479076983113e-01,1.645928451482246424e-01,1.344886737392480547e-01,1.399133398077743173e-01,1.277695029431215323e-01,8.724892640353054674e-02,1.614200502542739168e-01,1.379956523292802661e-01,6.939867756415485367e-02,1.950512834054755895e-02,1.729560305475710824e-01,1.599421864711600694e-01,2.150028477231472751e-02,1.323752151856568415e-01,1.394022773250642722e-01,5.093874931492523711e-02,1.473308414079542994e-01,0.000000000000000000e+00,1.298401572093044187e-01
2.732809895383271973e-02,1.422757101376978875e-02,7.110089612602833731e-02,4.969734280018912875e-02,1.748708747012321374e-01,1.360437186638969731e-01,8.709333324912311991e-03,1.105524933115049763e-01,1.150792766612215856e-01,1.298748891109173520e-01,7.016532177718363961e-02,3.237346280460390996e-02,9.451553132548956571e-02,3.285820859447977776e-02,9.836830515599430738e-03,6.893509072123565895e-02,4.642803818789602993e-02,1.298401572093044187e-01,0.000000000000000000e+00
