0.000000000000000000e+00,1.406422622245952214e-01,4.173875842826341720e-01,4.383093026374052514e-01,4.707783376025830024e-02,8.042843486610945503e-02,1.006919825697944332e-01,1.079477271769171409e-01,3.422017281684844314e-02,7.627771454291673060e-03,2.162410299214009846e-01,5.288858672459673116e-02,2.663773886899284959e-01,4.644367704113517431e-02,8.578816621114512819e-02,3.784727498957735081e-02,4.624283942240700052e-01,1.492552546635724786e-01,2.115930414645222912e-02
1.406422622245952214e-01,0.000000000000000000e+00,3.086087252711086637e-01,7.214457381782695133e-01,6.075456644140212609e-02,1.873456901151736298e-01,1.214375226129771473e-01,1.730396658073839466e-01,6.245010833434052472e-02,4.993863849273039168e-02,2.305077626157954473e-01,5.911064354583234204e-02,2.511098205818538265e-01,2.186894761654254449e-01,8.302616394975681491e-02,1.092996625770540353e-01,5.218016821779845049e-01,2.994722475210227497e-01,9.783700365164305079e-02
4.173875842826341720e-01,3.086087252711086637e-01,0.000000000000000000e+00,5.093924266455526761e-02,3.907892882988950878e-01,1.338944891435897566e-01,2.743910942378102180e-01,1.065539706492961980e-01,2.831607475873745283e-01,1.885479214958196703e-01,2.030225720705181036e-01,1.174247033086946307e-01,3.938624558483798110e-01,1.079102070744858421e-01,3.431464379017261368e-02,5.153623456979179729e-02,1.572796829889600567e-01,4.936916199826973939e-01,2.164905334995939901e-01
4.383093026374052514e-01,7.214457381782695133e-01,5.093924266455526761e-02,0.000000000000000000e+00,3.441171638389798337e-01,3.803778153763639480e-01,3.825141595661549765e-01,2.020438752881174860e-01,4.582157608193704323e-01,3.359403193147423861e-01,5.872926959558855131e-02,5.150943719364172724e-01,1.011343052326510034e-01,4.011031086522112155e-01,1.204426401097985488e-01,1.032283384491367167e-01,1.555763986374557040e-01,6.081227731443363815e-01,3.002418715567990448e-01
4.707783376025830024e-02,6.075456644140212609e-02,3.907892882988950878e-01,3.441171638389798337e-01,0.000000000000000000e+00,9.305933864845192249e-02,9.375846619564227880e-02,7.703126747310216904e-02,1.248842923946006378e-01,5.125814896449299579e-02,1.463409385219794322e-02,1.682543912466327382e-02,4.362182444676050014e-02,2.830641259816782385e-01,8.351626662781381008e-03,1.118154423486788784e-01,5.496561087866733697e-01,1.416274470753339787e-01,4.493090975355315542e-02
8.042843486610945503e-02,1.873456901151736298e-01,1.338944891435897566e-01,3.803778153763639480e-01,9.305933864845192249e-02,0.000000000000000000e+00,3.478713351806430459e-02,2.224749676695007006e-01,1.033091707979036239e-01,5.865418467746674747e-02,2.718121999846940806e-01,2.088807263591740682e-01,2.673890155566918114e-01,1.623101275816949962e-01,1.361944242572737940e-01,1.967010711078084340e-01,2.623866089839875237e-01,2.047986846153042051e-01,2.293581043698018906e-01
1.006919825697944332e-01,1.214375226129771473e-01,2.743910942378102180e-01,3.825141595661549765e-01,9.375846619564227880e-02,3.478713351806430459e-02,0.000000000000000000e+00,1.105009913100137992e-01,1.767767988066451801e-01,9.258660358586229266e-02,1.525930754556332515e-02,2.824062170521735374e-02,6.767284487502599200e-02,1.855385760316351218e-01,2.985266191729483640e-02,7.089040107509880784e-02,3.968272346187111110e-01,2.431527118183834935e-01,1.029172921476562835e-01
1.079477271769171409e-01,1.730396658073839466e-01,1.065539706492961980e-01,2.020438752881174860e-01,7.703126747310216904e-02,2.224749676695007006e-01,1.105009913100137992e-01,0.000000000000000000e+00,1.252308600409941797e-01,6.579740141845391577e-02,1.899000537417433465e-01,1.670280160961462312e-01,1.864096261324312276e-01,2.087835829306133595e-01,1.728615959878168629e-02,3.592810335281364509e-01,1.559085413970042466e-01,2.364856849001284733e-01,1.418352487283965069e-01
3.422017281684844314e-02,6.245010833434052472e-02,2.831607475873745283e-01,4.582157608193704323e-01,1.248842923946006378e-01,1.033091707979036239e-01,1.767767988066451801e-01,1.252308600409941797e-01,0.000000000000000000e+00,1.941858462062689625e-02,1.711862450563336469e-01,5.495129309001042794e-02,1.519239715608248498e-01,2.765131310480581917e-01,1.788979655629846510e-02,5.585406876587386410e-02,3.961613838606722893e-01,1.546773872002996930e-01,9.562797943570401638e-02
7.627771454291673060e-03,4.993863849273039168e-02,1.885479214958196703e-01,3.359403193147423861e-01,5.125814896449299579e-02,5.865418467746674747e-02,9.258660358586229266e-02,6.579740141845391577e-02,1.941858462062689625e-02,0.000000000000000000e+00,1.574031686395158391e-01,4.841096113743026397e-02,1.914255736357948767e-01,5.558254928988907301e-02,1.857367127802743434e-02,1.880811971019453466e-01,2.790389801537617176e-01,8.839814932685122195e-02,1.148494505694264700e-01
2.162410299214009846e-01,2.305077626157954473e-01,2.030225720705181036e-01,5.872926959558855131e-02,1.463409385219794322e-02,2.718121999846940806e-01,1.525930754556332515e-02,1.899000537417433465e-01,1.711862450563336469e-01,1.574031686395158391e-01,0.000000000000000000e+00,7.538780390590793523e-02,2.647655434767226187e-02,9.154548583793770122e-02,4.452192630517480022e-03,5.375978255831261043e-02,2.101329215067804512e-01,1.873952513735161751e-01,2.076552509912923117e-01
5.288858672459673116e-02,5.911064354583234204e-02,1.174247033086946307e-01,5.150943719364172724e-01,1.682543912466327382e-02,2.088807263591740682e-01,2.824062170521735374e-02,1.670280160961462312e-01,5.495129309001042794e-02,4.841096113743026397e-02,7.538780390590793523e-02,0.000000000000000000e+00,2.537293984048246548e-02,1.434814080115776047e-01,2.139180019035958474e-02,1.220598429766261844e-01,2.237250230356449543e-01,1.491370086418375429e-01,3.300800290188012076e-02
2.663773886899284959e-01,2.511098205818538265e-01,3.938624558483798110e-01,1.011343052326510034e-01,4.362182444676050014e-02,2.673890155566918114e-01,6.767284487502599200e-02,1.864096261324312276e-01,1.519239715608248498e-01,1.914255736357948767e-01,2.647655434767226187e-02,2.537293984048246548e-02,0.000000000000000000e+00,7.800521793636750432e-03,2.118056566082616721e-01,6.972461653437229956e-02,4.170884877691750647e-01,2.890396598888398394e-01,2.435921356551054850e-01
4.644367704113517431e-02,2.186894761654254449e-01,1.079102070744858421e-01,4.011031086522112155e-01,2.830641259816782385e-01,1.623101275816949962e-01,1.855385760316351218e-01,2.087835829306133595e-01,2.765131310480581917e-01,5.558254928988907301e-02,9.154548583793770122e-02,1.434814080115776047e-01,7.800521793636750432e-03,0.000000000000000000e+00,7.264149105055213440e-02,2.647628588396508942e-01,1.928716209388528502e-01,2.601231263374410574e-01,1.118839318258885995e-01
8.578816621114512819e-02,8.302616394975681491e-02,3.431464379017261368e-02,1.204426401097985488e-01,8.351626662781381008e-03,1.361944242572737940e-01,2.985266191729483640e-02,1.728615959878168629e-02,1.788979655629846510e-02,1.857367127802743434e-02,4.452192630517480022e-03,2.139180019035958474e-02,2.118056566082616721e-01,7.264149105055213440e-02,0.000000000000000000e+00,6.915614275666087662e-02,4.686845874210293639e-02,8.621506929858259449e-02,5.132533600261666301e-02
3.784727498957735081e-02,1.092996625770540353e-01,5.153623456979179729e-02,1.032283384491367167e-01,1.118154423486788784e-01,1.967010711078084340e-01,7.089040107509880784e-02,3.592810335281364509e-01,5.585406876587386410e-02,1.880811971019453466e-01,5.375978255831261043e-02,1.220598429766261844e-01,6.972461653437229956e-02,2.647628588396508942e-01,6.915614275666087662e-02,0.000000000000000000e+00,9.249558224378072457e-02,6.610457901094547728e-02,1.830053814279148094e-01
4.624283942240700052e-01,5.218016821779845049e-01,1.572796829889600567e-01,1.555763986374557040e-01,5.496561087866733697e-01,2.623866089839875237e-01,3.968272346187111110e-01,1.559085413970042466e-01,3.961613838606722893e-01,2.790389801537617176e-01,2.101329215067804512e-01,2.237250230356449543e-01,4.170884877691750647e-01,1.928716209388528502e-01,4.686845874210293639e-02,9.249558224378072457e-02,0.000000000000000000e+00,7.027262358575456780e-01,3.009241173064780561e-01
1.492552546635724786e-01,2.994722475210227497e-01,4.936916199826973939e-01,6.081227731443363815e-01,1.416274470753339787e-01,2.047986846153042051e-01,2.431527118183834935e-01,2.364856849001284733e-01,1.546773872002996930e-01,8.839814932685122195e-02,1.873952513735161751e-01,1.491370086418375429e-01,2.890396598888398394e-01,2.601231263374410574e-01,8.621506929858259449e-02,6.610457901094547728e-02,7.027262358575456780e-01,0.000000000000000000e+00,7.150981956028293687e-03
2.115930414645222912e-02,9.783700365164305079e-02,2.164905334995939901e-01,3.002418715567990448e-01,4.493090975355315542e-02,2.293581043698018906e-01,1.029172921476562835e-01,1.418352487283965069e-01,9.562797943570401638e-02,1.148494505694264700e-01,2.076552509912923117e-01,3.300800290188012076e-02,2.435921356551054850e-01,1.118839318258885995e-01,5.132533600261666301e-02,1.830053814279148094e-01,3.009241173064780561e-01,7.150981956028293687e-03,0.000000000000000000e+00
