0.000000000000000000e+00,-1.228618434928588007e-02,7.802714659345742765e-02,4.890115157090163533e-02,-1.091858996673155703e-02,2.061049279427338773e-02,-2.965560716490411169e-03,2.642073835713001830e-03,8.103856416000469742e-03,3.663058069640040657e-04,9.719256243233918152e-03,-8.096450485796569466e-03,6.097267318320735013e-02,5.403756247597155810e-02,1.338419488962331629e-02,4.919105134039838262e-02,1.365857361588930508e-01,2.500978412358739657e-03,4.649574591379336541e-02
-1.228618434928588007e-02,0.000000000000000000e+00,5.852592470830096649e-02,1.048559501690155271e-01,-1.296964743815999868e-02,5.180270356641849573e-03,-8.908909081190291915e-03,-1.616649137215452709e-03,2.840202836725113159e-02,4.075745817859254688e-02,2.648168375976711793e-03,-7.769521392352110318e-05,7.624731983773461175e-02,7.206919398135111510e-02,2.086791060609366477e-02,8.763628527278000124e-02,1.360533095836283235e-01,-6.868294383595666130e-03,1.925412121198561560e-02
7.802714659345742765e-02,5.852592470830096649e-02,0.000000000000000000e+00,-3.342005889837298353e-03,1.134755384671030376e-01,2.238470386981360749e-01,1.421763089950228987e-01,2.096305216064663079e-01,4.274673942785214842e-02,3.924838549750366695e-02,4.853902092631928733e-02,3.728414041824158059e-02,-1.382252437301110214e-02,-9.185410908678548828e-03,6.349205531842936137e-03,-8.067166586586828336e-03,-8.272071391014415923e-03,1.293371686586073932e-01,3.085268617974511463e-01
4.890115157090163533e-02,1.048559501690155271e-01,-3.342005889837298353e-03,0.000000000000000000e+00,-3.632403032420114530e-03,5.079493662011228677e-02,4.240328020865032597e-03,2.329086400711033455e-02,-1.284404708850328883e-02,-1.203976037145733716e-02,-1.416129882058583811e-02,4.995451321730850353e-02,-8.832106925691913038e-03,-1.548111040944140371e-02,-1.527522465924987041e-02,-1.444084537181656268e-02,6.277031827672972797e-02,-7.913761596737145651e-04,1.073407206771942179e-01
-1.091858996673155703e-02,-1.296964743815999868e-02,1.134755384671030376e-01,-3.632403032420114530e-03,0.000000000000000000e+00,3.303588093785606722e-02,4.781773416386928682e-02,1.070494669335081833e-01,4.333795472331639087e-02,8.034435496218657324e-02,3.943438828055727957e-02,-1.518836613924688314e-02,8.672241612403749911e-03,-1.173708564407637683e-02,3.562465735466262273e-02,-2.620260159199016940e-03,4.181999167460104250e-02,1.128405533746876591e-02,3.318388301647063332e-01
2.061049279427338773e-02,5.180270356641849573e-03,2.238470386981360749e-01,5.079493662011228677e-02,3.303588093785606722e-02,0.000000000000000000e+00,-1.541314079146064494e-03,-8.895998805801120721e-03,-1.325185807736910769e-02,5.395148815446673511e-03,8.341341820104142268e-02,-2.399630115616203875e-04,6.670107112827666773e-02,5.442420274873797925e-02,1.112777324389363151e-02,1.627810353150047767e-02,1.753557087950976534e-01,-4.916316599063598643e-03,1.253181212618524332e-01
-2.965560716490411169e-03,-8.908909081190291915e-03,1.421763089950228987e-01,4.240328020865032597e-03,4.781773416386928682e-02,-1.541314079146064494e-03,0.000000000000000000e+00,6.940442597060884899e-02,1.145483340017560137e-01,1.343304838595221207e-01,5.653076047031183743e-02,-1.457389665906424700e-02,1.706950853969548335e-02,-3.575095612069417207e-03,1.249677711447025469e-01,1.259450888813822347e-02,5.941416588506485269e-02,-1.177500517200542537e-02,4.704845691360216020e-01
2.642073835713001830e-03,-1.616649137215452709e-03,2.096305216064663079e-01,2.329086400711033455e-02,1.070494669335081833e-01,-8.895998805801120721e-03,6.940442597060884899e-02,0.000000000000000000e+00,-1.290069771305744559e-03,3.085771004122915898e-02,8.909278385804136891e-02,-1.779693037361704949e-02,8.170374342731631656e-02,9.185829345434897222e-03,1.909423842707483213e-04,1.860112852245592377e-02,1.288912075736902696e-01,1.726767398482534702e-02,2.262485199660149160e-01
8.103856416000469742e-03,2.840202836725113159e-02,4.274673942785214842e-02,-1.284404708850328883e-02,4.333795472331639087e-02,-1.325185807736910769e-02,1.145483340017560137e-01,-1.290069771305744559e-03,0.000000000000000000e+00,7.676061006996399982e-02,1.206431583418868594e-02,-3.118195894733639863e-03,3.304012964752851833e-02,-6.079523839949990509e-03,-1.350314642745727677e-02,2.799446209767140689e-02,2.314205297779408504e-02,1.470865870803130318e-02,5.840013590195447524e-02
3.663058069640040657e-04,4.075745817859254688e-02,3.924838549750366695e-02,-1.203976037145733716e-02,8.034435496218657324e-02,5.395148815446673511e-03,1.343304838595221207e-01,3.085771004122915898e-02,7.676061006996399982e-02,0.000000000000000000e+00,-6.496981881695042260e-03,4.991914633837755792e-03,4.055387471789696774e-02,6.631722284187952302e-03,2.968368071667373126e-02,1.340109411463888400e-01,2.224803075177083506e-02,3.618494413300152313e-02,9.404090016633538662e-02
9.719256243233918152e-03,2.648168375976711793e-03,4.853902092631928733e-02,-1.416129882058583811e-02,3.943438828055727957e-02,8.341341820104142268e-02,5.653076047031183743e-02,8.909278385804136891e-02,1.206431583418868594e-02,-6.496981881695042260e-03,0.000000000000000000e+00,-3.745731816708852864e-03,1.140892318263544980e-02,-1.372897870280560470e-02,-7.648537502805983872e-03,-9.966455028787180037e-03,3.325116161977197116e-02,5.806566734592384649e-02,1.722939896069561327e-01
-8.096450485796569466e-03,-7.769521392352110318e-05,3.728414041824158059e-02,4.995451321730850353e-02,-1.518836613924688314e-02,-2.399630115616203875e-04,-1.457389665906424700e-02,-1.779693037361704949e-02,-3.118195894733639863e-03,4.991914633837755792e-03,-3.745731816708852864e-03,0.000000000000000000e+00,5.338543413819753919e-02,2.881795079892910533e-02,-7.435915023857727832e-03,3.891930014397612658e-02,1.023419432874040635e-01,-1.877552952283759874e-02,3.122728614231233112e-03
6.097267318320735013e-02,7.624731983773461175e-02,-1.382252437301110214e-02,-8.832106925691913038e-03,8.672241612403749911e-03,6.670107112827666773e-02,1.706950853969548335e-02,8.170374342731631656e-02,3.304012964752851833e-02,4.055387471789696774e-02,1.140892318263544980e-02,5.338543413819753919e-02,0.000000000000000000e+00,-1.150393011087992492e-03,1.043327514374822740e-02,-1.390367718451739933e-02,-7.045137487670135104e-03,4.089734604761780662e-02,1.457431950267920051e-01
5.403756247597155810e-02,7.206919398135111510e-02,-9.185410908678548828e-03,-1.548111040944140371e-02,-1.173708564407637683e-02,5.442420274873797925e-02,-3.575095612069417207e-03,9.185829345434897222e-03,-6.079523839949990509e-03,6.631722284187952302e-03,-1.372897870280560470e-02,2.881795079892910533e-02,-1.150393011087992492e-03,0.000000000000000000e+00,2.679152447038645607e-02,-1.094945487448810775e-02,1.734865831295737820e-02,-7.381612178819295378e-03,2.224515843660729644e-02
1.338419488962331629e-02,2.086791060609366477e-02,6.349205531842936137e-03,-1.527522465924987041e-02,3.562465735466262273e-02,1.112777324389363151e-02,1.249677711447025469e-01,1.909423842707483213e-04,-1.350314642745727677e-02,2.968368071667373126e-02,-7.648537502805983872e-03,-7.435915023857727832e-03,1.043327514374822740e-02,2.679152447038645607e-02,0.000000000000000000e+00,1.239419215603210743e-02,3.437430344507946909e-03,-4.378814057659977457e-03,-1.193328001261865882e-02
4.919105134039838262e-02,8.763628527278000124e-02,-8.067166586586828336e-03,-1.444084537181656268e-02,-2.620260159199016940e-03,1.627810353150047767e-02,1.259450888813822347e-02,1.860112852245592377e-02,2.799446209767140689e-02,1.340109411463888400e-01,-9.966455028787180037e-03,3.891930014397612658e-02,-1.390367718451739933e-02,-1.094945487448810775e-02,1.239419215603210743e-02,0.000000000000000000e+00,1.283685962982999886e-03,-4.161341718264528408e-03,3.645219031109107888e-02
1.365857361588930508e-01,1.360533095836283235e-01,-8.272071391014415923e-03,6.277031827672972797e-02,4.181999167460104250e-02,1.753557087950976534e-01,5.941416588506485269e-02,1.288912075736902696e-01,2.314205297779408504e-02,2.224803075177083506e-02,3.325116161977197116e-02,1.023419432874040635e-01,-7.045137487670135104e-03,1.734865831295737820e-02,3.437430344507946909e-03,1.283685962982999886e-03,0.000000000000000000e+00,7.091162626381704304e-02,2.163798368031340791e-01
2.500978412358739657e-03,-6.868294383595666130e-03,1.293371686586073932e-01,-7.913761596737145651e-04,1.128405533746876591e-02,-4.916316599063598643e-03,-1.177500517200542537e-02,1.726767398482534702e-02,1.470865870803130318e-02,3.618494413300152313e-02,5.806566734592384649e-02,-1.877552952283759874e-02,4.089734604761780662e-02,-7.381612178819295378e-03,-4.378814057659977457e-03,-4.161341718264528408e-03,7.091162626381704304e-02,0.000000000000000000e+00,2.870759424387855363e-01
4.649574591379336541e-02,1.925412121198561560e-02,3.085268617974511463e-01,1.073407206771942179e-01,3.318388301647063332e-01,1.253181212618524332e-01,4.704845691360216020e-01,2.262485199660149160e-01,5.840013590195447524e-02,9.404090016633538662e-02,1.722939896069561327e-01,3.122728614231233112e-03,1.457431950267920051e-01,2.224515843660729644e-02,-1.193328001261865882e-02,3.645219031109107888e-02,2.163798368031340791e-01,2.870759424387855363e-01,0.000000000000000000e+00
