0.000000000000000000e+00,1.302055552323781729e-01,2.277130378910550978e-01,8.966834911447425782e-02,-8.376123063586060971e-03,-3.307247515865692489e-02,1.282745703322077380e-01,-8.995794529455657801e-03,9.497430656147146100e-02,-1.717557351961127021e-02,-1.347819099889915329e-01,4.605061235494636862e-02,1.116422851755576318e-01,1.466712906380913672e-01,4.411181143041555813e-02,1.633288231584407446e-01,2.069860681794736534e-01,1.214687234884141570e-01,1.870697043295137807e-01
1.302055552323781729e-01,0.000000000000000000e+00,3.846286550221137412e-01,-2.387888260611459867e-01,1.883477210020851611e-01,-2.376950300161665697e-01,9.370404059075439218e-02,-1.060610400432861339e-01,2.748967066377036410e-03,-4.666113231585419796e-02,3.870799635742341871e-01,-3.931066806716393414e-01,7.929736652590771429e-02,-6.979088744036886227e-02,-8.976323189400066405e-02,-2.674554627942749008e-04,-4.580686884456609126e-02,-7.494281473575332975e-02,-3.218037964717980204e-01
2.277130378910550978e-01,3.846286550221137412e-01,0.000000000000000000e+00,2.518459210563186914e-03,6.933831418067767927e-02,6.812091457497577995e-02,2.157127633044166881e-01,1.037222863152159613e-01,1.274138540284678045e-01,2.395704026142119088e-03,-1.767818505464083534e-01,1.722121623099986953e-02,1.449592371044768346e-01,-4.315439316278757431e-02,9.879478860121604367e-02,1.406044642923521271e-01,-3.838532527151777059e-03,2.256788533757609350e-01,3.533660885225925474e-01
8.966834911447425782e-02,-2.387888260611459867e-01,2.518459210563186914e-03,0.000000000000000000e+00,4.170539330148733542e-02,-3.325078147341048625e-03,1.215995240224102270e-01,-5.739448313001477460e-03,3.433191006787500998e-01,-2.800937463247577669e-02,1.899831632898901085e-02,2.846862103535302002e-01,1.329449554783637411e-01,1.507718056599123835e-01,4.705396296170535723e-03,1.430514628856317527e-01,2.663987210581947535e-04,1.855518784368493379e-01,2.230836202447560035e-01
-8.376123063586060971e-03,1.883477210020851611e-01,6.933831418067767927e-02,4.170539330148733542e-02,0.000000000000000000e+00,1.191641201192553678e-01,-6.870885890968394735e-03,6.581253166468213622e-02,-1.040419796897869287e-02,2.871579813344933910e-02,-2.105911350505270119e-01,-1.105966350179011098e-01,1.346464208758750038e-02,-2.812448313592657081e-02,4.325140742976891703e-03,1.115227131579146214e-01,1.199702145190184172e-01,2.517948810771921276e-03,7.880168997124699370e-02
-3.307247515865692489e-02,-2.376950300161665697e-01,6.812091457497577995e-02,-3.325078147341048625e-03,1.191641201192553678e-01,0.000000000000000000e+00,9.931911341972406854e-03,-2.394385305390376445e-02,7.072960188799093384e-02,-2.064639841183902105e-02,-2.252146213061380353e-01,-1.016815045123329042e-01,6.708567406904683561e-02,-8.652912031331061460e-02,1.051406753001915273e-01,-2.277620757558237313e-02,1.233495182584339461e-01,5.846399970390685208e-02,-1.197681652349349979e-02
1.282745703322077380e-01,9.370404059075439218e-02,2.157127633044166881e-01,1.215995240224102270e-01,-6.870885890968394735e-03,9.931911341972406854e-03,0.000000000000000000e+00,7.095854298667714222e-02,2.796081522902614871e-02,1.045043187393845108e-01,-1.937967999423663989e-01,-1.315422219452670738e-01,3.985506223036111573e-02,1.632954098358799927e-02,1.252200601380972222e-01,2.041776110196250882e-01,3.021898237993602687e-01,1.031832007642470295e-01,8.424130199652797579e-02
-8.995794529455657801e-03,-1.060610400432861339e-01,1.037222863152159613e-01,-5.739448313001477460e-03,6.581253166468213622e-02,-2.394385305390376445e-02,7.095854298667714222e-02,0.000000000000000000e+00,1.429903866278966762e-01,1.128526607859084291e-01,-1.886517736075110085e-01,1.508728064811980588e-02,3.393684897717240499e-03,-1.705758287640583293e-01,-5.633620504328172747e-03,2.390846510264851565e-01,7.794951365806843113e-02,9.139484109951682977e-02,1.732165126539695899e-01
9.497430656147146100e-02,2.748967066377036410e-03,1.274138540284678045e-01,3.433191006787500998e-01,-1.040419796897869287e-02,7.072960188799093384e-02,2.796081522902614871e-02,1.429903866278966762e-01,0.000000000000000000e+00,2.107114551006664949e-01,-8.275626364955486480e-02,2.510898577705373280e-01,4.238645868898863189e-02,-7.311371105439273821e-02,2.396435324011660928e-01,2.200851292293277695e-01,1.417789657735383513e-01,8.864242357532314820e-02,4.582181133533794193e-02
-1.717557351961127021e-02,-4.666113231585419796e-02,2.395704026142119088e-03,-2.800937463247577669e-02,2.871579813344933910e-02,-2.064639841183902105e-02,1.045043187393845108e-01,1.128526607859084291e-01,2.107114551006664949e-01,0.000000000000000000e+00,-8.284994166115651482e-02,1.425539809149868054e-01,-1.365776830799559846e-02,-4.884167615469906659e-02,7.741124324244971766e-02,2.136361589679407480e-01,-1.747777866317960088e-02,-8.114755231226216531e-03,1.878459913641647161e-01
-1.347819099889915329e-01,3.870799635742341871e-01,-1.767818505464083534e-01,1.899831632898901085e-02,-2.105911350505270119e-01,-2.252146213061380353e-01,-1.937967999423663989e-01,-1.886517736075110085e-01,-8.275626364955486480e-02,-8.284994166115651482e-02,0.000000000000000000e+00,-4.050612778531398339e-02,-1.178608239260982293e-01,-1.961357109921195788e-02,-1.086233317418679317e-01,-1.649066788468681044e-01,-1.720598181978034158e-01,-1.706185900620944274e-01,-1.398301600759640773e-01
4.605061235494636862e-02,-3.931066806716393414e-01,1.722121623099986953e-02,2.846862103535302002e-01,-1.105966350179011098e-01,-1.016815045123329042e-01,-1.315422219452670738e-01,1.508728064811980588e-02,2.510898577705373280e-01,1.425539809149868054e-01,-4.050612778531398339e-02,0.000000000000000000e+00,-1.195721132850287305e-01,-1.053000335726449743e-01,-1.129100383774125083e-01,7.970401286563210883e-03,7.692916782327217928e-02,-6.392849541610581832e-02,-1.040911445763173793e-01
1.116422851755576318e-01,7.929736652590771429e-02,1.449592371044768346e-01,1.329449554783637411e-01,1.346464208758750038e-02,6.708567406904683561e-02,3.985506223036111573e-02,3.393684897717240499e-03,4.238645868898863189e-02,-1.365776830799559846e-02,-1.178608239260982293e-01,-1.195721132850287305e-01,0.000000000000000000e+00,-2.145431889108192353e-02,1.586673830506792893e-01,7.771144232985756350e-03,6.545553654129457333e-02,2.078864710566263180e-02,2.456961835051570814e-02
1.466712906380913672e-01,-6.979088744036886227e-02,-4.315439316278757431e-02,1.507718056599123835e-01,-2.812448313592657081e-02,-8.652912031331061460e-02,1.632954098358799927e-02,-1.705758287640583293e-01,-7.311371105439273821e-02,-4.884167615469906659e-02,-1.961357109921195788e-02,-1.053000335726449743e-01,-2.145431889108192353e-02,0.000000000000000000e+00,-5.717128403308323337e-02,-2.218135484821294467e-01,-2.261438813055295302e-02,-2.266734736948881196e-02,-1.080816983955226879e-01
4.411181143041555813e-02,-8.976323189400066405e-02,9.879478860121604367e-02,4.705396296170535723e-03,4.325140742976891703e-03,1.051406753001915273e-01,1.252200601380972222e-01,-5.633620504328172747e-03,2.396435324011660928e-01,7.741124324244971766e-02,-1.086233317418679317e-01,-1.129100383774125083e-01,1.586673830506792893e-01,-5.717128403308323337e-02,0.000000000000000000e+00,5.309583569280407200e-04,4.358392379780034326e-02,3.715046268477058961e-02,1.246643189033335430e-01
1.633288231584407446e-01,-2.674554627942749008e-04,1.406044642923521271e-01,1.430514628856317527e-01,1.115227131579146214e-01,-2.277620757558237313e-02,2.041776110196250882e-01,2.390846510264851565e-01,2.200851292293277695e-01,2.136361589679407480e-01,-1.649066788468681044e-01,7.970401286563210883e-03,7.771144232985756350e-03,-2.218135484821294467e-01,5.309583569280407200e-04,0.000000000000000000e+00,1.081837500976297328e-01,3.601417325389087709e-02,2.264125634529648434e-01
2.069860681794736534e-01,-4.580686884456609126e-02,-3.838532527151777059e-03,2.663987210581947535e-04,1.199702145190184172e-01,1.233495182584339461e-01,3.021898237993602687e-01,7.794951365806843113e-02,1.417789657735383513e-01,-1.747777866317960088e-02,-1.720598181978034158e-01,7.692916782327217928e-02,6.545553654129457333e-02,-2.261438813055295302e-02,4.358392379780034326e-02,1.081837500976297328e-01,0.000000000000000000e+00,2.768962294794893308e-01,3.794304625260328523e-01
1.214687234884141570e-01,-7.494281473575332975e-02,2.256788533757609350e-01,1.855518784368493379e-01,2.517948810771921276e-03,5.846399970390685208e-02,1.031832007642470295e-01,9.139484109951682977e-02,8.864242357532314820e-02,-8.114755231226216531e-03,-1.706185900620944274e-01,-6.392849541610581832e-02,2.078864710566263180e-02,-2.266734736948881196e-02,3.715046268477058961e-02,3.601417325389087709e-02,2.768962294794893308e-01,0.000000000000000000e+00,2.518525804948672508e-01
1.870697043295137807e-01,-3.218037964717980204e-01,3.533660885225925474e-01,2.230836202447560035e-01,7.880168997124699370e-02,-1.197681652349349979e-02,8.424130199652797579e-02,1.732165126539695899e-01,4.582181133533794193e-02,1.878459913641647161e-01,-1.398301600759640773e-01,-1.040911445763173793e-01,2.456961835051570814e-02,-1.080816983955226879e-01,1.246643189033335430e-01,2.264125634529648434e-01,3.794304625260328523e-01,2.518525804948672508e-01,0.000000000000000000e+00
