0.000000000000000000e+00,1.380573402340305456e-01,2.584451978544572426e-01,1.571729884955619383e-01,4.705651985185917152e-02,1.310436760868267936e-01,5.199077802363707285e-02,8.652749450223808092e-02,8.779327021682716004e-02,8.848036269980380508e-02,4.349436200415826570e-02,9.316454638492630003e-02,1.417443670748081697e-01,1.974987940963987276e-01,1.302150093048730917e-01,8.084852699441154311e-02,2.176453754592196643e-01,9.242752559508408960e-02,5.888705050672813496e-02
1.380573402340305456e-01,0.000000000000000000e+00,2.086672560059096293e-01,2.039707825045352640e-01,9.463968447326664979e-02,1.118151120798898945e-01,1.103098738925399891e-01,5.972662008975856973e-02,1.290890104739441102e-01,1.060654581083167458e-01,8.281362580672019247e-02,4.053078922930657135e-02,1.058175318666154108e-01,2.251283005559411854e-01,1.096894381045244865e-01,6.702360221069059154e-02,2.365140297511401368e-01,1.297020146773942562e-01,6.269210455469730048e-02
2.584451978544572426e-01,2.086672560059096293e-01,0.000000000000000000e+00,9.190227638535450327e-02,2.564261781932462014e-01,2.063593996925095486e-01,1.722813060065615520e-01,1.583541351284305787e-01,1.087658428767174223e-01,1.411738949301903356e-01,2.096913645349977595e-01,1.114958475576118685e-01,1.110129565515729638e-01,2.208978845686221937e-01,1.225267665836332898e-01,1.701341855982038132e-01,5.577547558172186309e-02,2.491571966340093147e-01,2.386081359158105097e-01
1.571729884955619383e-01,2.039707825045352640e-01,9.190227638535450327e-02,0.000000000000000000e+00,1.624870376499925051e-01,1.870553916001223005e-01,1.517674040153904058e-01,1.302672659590631832e-01,6.374555448795921064e-02,4.559674511506666555e-02,1.462308706105104605e-01,1.247571785153332724e-01,1.320919804350706439e-01,2.517575954040179309e-01,1.496463497964667100e-01,1.354954737216503557e-01,1.194635262201068360e-01,2.186315287264637142e-01,2.393604436622217002e-01
4.705651985185917152e-02,9.463968447326664979e-02,2.564261781932462014e-01,1.624870376499925051e-01,0.000000000000000000e+00,7.553544292945336969e-02,1.310751873346696073e-01,9.916934601043210507e-02,1.245201337707278616e-01,1.408060225877114102e-01,7.507982523702561029e-02,1.383469572380854051e-01,1.448727637859444917e-01,3.031862011951014790e-01,1.491804705911372320e-01,2.050797666056669022e-01,3.249800206747862075e-01,1.931374011485231801e-01,6.665593376771261624e-02
1.310436760868267936e-01,1.118151120798898945e-01,2.063593996925095486e-01,1.870553916001223005e-01,7.553544292945336969e-02,0.000000000000000000e+00,1.253688150557757397e-01,2.071006954585117021e-01,1.506265153902698051e-01,1.596228077787235911e-01,1.195647864962243734e-01,9.868705118272701193e-02,3.269755121982524382e-01,2.517993724772855102e-01,1.967356765486277803e-01,7.916051959870587518e-02,3.309725436327783377e-01,2.826444225789320752e-01,2.014704801401042411e-01
5.199077802363707285e-02,1.103098738925399891e-01,1.722813060065615520e-01,1.517674040153904058e-01,1.310751873346696073e-01,1.253688150557757397e-01,0.000000000000000000e+00,-2.093658402712245906e-03,1.043044833193596949e-01,1.030527241764790797e-01,1.061153710303068542e-02,1.170783225772170089e-01,1.461696276299619679e-01,3.225608234214339953e-01,2.167759157774064582e-01,1.081170147878212917e-01,1.826604040018247055e-01,1.063810600487983121e-01,1.702697750569143742e-01
8.652749450223808092e-02,5.972662008975856973e-02,1.583541351284305787e-01,1.302672659590631832e-01,9.916934601043210507e-02,2.071006954585117021e-01,-2.093658402712245906e-03,0.000000000000000000e+00,9.809897249493684801e-02,1.043391108859679922e-01,3.879019887126262944e-02,4.363936875415282135e-02,1.177149576173844719e-01,1.625003538085678934e-01,1.240989644635282357e-01,1.099308570288191067e-01,1.793719713995469978e-01,1.320494897860529926e-01,1.104474405771227324e-01
8.779327021682716004e-02,1.290890104739441102e-01,1.087658428767174223e-01,6.374555448795921064e-02,1.245201337707278616e-01,1.506265153902698051e-01,1.043044833193596949e-01,9.809897249493684801e-02,0.000000000000000000e+00,2.376652074450049876e-02,1.165535535711618026e-01,5.991557368594539745e-02,1.829318295663515670e-01,1.005688062874905142e-01,2.466334386900133346e-01,6.156162094971179277e-02,2.576476635440236307e-01,1.057041502820953854e-01,1.683841320526443530e-01
8.848036269980380508e-02,1.060654581083167458e-01,1.411738949301903356e-01,4.559674511506666555e-02,1.408060225877114102e-01,1.596228077787235911e-01,1.030527241764790797e-01,1.043391108859679922e-01,2.376652074450049876e-02,0.000000000000000000e+00,1.476719144332565015e-01,5.711078796447747324e-02,1.447748538193118772e-01,8.523616843392105291e-02,8.696927243764912552e-02,1.443776890276099178e-01,2.173313638686952542e-01,1.159851833096110368e-01,1.435111414480013947e-01
4.349436200415826570e-02,8.281362580672019247e-02,2.096913645349977595e-01,1.462308706105104605e-01,7.507982523702561029e-02,1.195647864962243734e-01,1.061153710303068542e-02,3.879019887126262944e-02,1.165535535711618026e-01,1.476719144332565015e-01,0.000000000000000000e+00,4.024446087717320486e-02,1.629856097611335208e-01,1.199299927646940017e-01,1.545572808593333181e-01,1.295400375351096756e-01,1.891823943764432414e-01,1.167510186510048870e-01,6.131331116177077961e-02
9.316454638492630003e-02,4.053078922930657135e-02,1.114958475576118685e-01,1.247571785153332724e-01,1.383469572380854051e-01,9.868705118272701193e-02,1.170783225772170089e-01,4.363936875415282135e-02,5.991557368594539745e-02,5.711078796447747324e-02,4.024446087717320486e-02,0.000000000000000000e+00,1.124914818788183279e-01,1.341685089138044129e-01,1.344717961958827590e-01,2.814097601593800943e-02,1.533455392020217078e-01,5.873999569960820094e-02,1.120964063350917556e-01
1.417443670748081697e-01,1.058175318666154108e-01,1.110129565515729638e-01,1.320919804350706439e-01,1.448727637859444917e-01,3.269755121982524382e-01,1.461696276299619679e-01,1.177149576173844719e-01,1.829318295663515670e-01,1.447748538193118772e-01,1.629856097611335208e-01,1.124914818788183279e-01,0.000000000000000000e+00,6.835671782769046911e-02,8.856497935416104972e-02,1.195885105907414231e-01,1.367717381916793706e-01,2.279501393691962807e-01,1.560399381474641967e-01
1.974987940963987276e-01,2.251283005559411854e-01,2.208978845686221937e-01,2.517575954040179309e-01,3.031862011951014790e-01,2.517993724772855102e-01,3.225608234214339953e-01,1.625003538085678934e-01,1.005688062874905142e-01,8.523616843392105291e-02,1.199299927646940017e-01,1.341685089138044129e-01,6.835671782769046911e-02,0.000000000000000000e+00,1.131396303496260275e-01,7.710173302816884788e-02,3.433141630051311788e-01,1.259629580809641103e-01,2.656151002712808795e-01
1.302150093048730917e-01,1.096894381045244865e-01,1.225267665836332898e-01,1.496463497964667100e-01,1.491804705911372320e-01,1.967356765486277803e-01,2.167759157774064582e-01,1.240989644635282357e-01,2.466334386900133346e-01,8.696927243764912552e-02,1.545572808593333181e-01,1.344717961958827590e-01,8.856497935416104972e-02,1.131396303496260275e-01,0.000000000000000000e+00,3.946400511267850186e-02,1.519069330127826856e-01,1.466339391825467742e-01,2.017275476927411770e-01
8.084852699441154311e-02,6.702360221069059154e-02,1.701341855982038132e-01,1.354954737216503557e-01,2.050797666056669022e-01,7.916051959870587518e-02,1.081170147878212917e-01,1.099308570288191067e-01,6.156162094971179277e-02,1.443776890276099178e-01,1.295400375351096756e-01,2.814097601593800943e-02,1.195885105907414231e-01,7.710173302816884788e-02,3.946400511267850186e-02,0.000000000000000000e+00,2.146700271276818506e-01,6.306163807129266941e-02,8.281835959384734047e-02
2.176453754592196643e-01,2.365140297511401368e-01,5.577547558172186309e-02,1.194635262201068360e-01,3.249800206747862075e-01,3.309725436327783377e-01,1.826604040018247055e-01,1.793719713995469978e-01,2.576476635440236307e-01,2.173313638686952542e-01,1.891823943764432414e-01,1.533455392020217078e-01,1.367717381916793706e-01,3.433141630051311788e-01,1.519069330127826856e-01,2.146700271276818506e-01,0.000000000000000000e+00,4.039988930983851034e-01,2.452397520074436621e-01
9.242752559508408960e-02,1.297020146773942562e-01,2.491571966340093147e-01,2.186315287264637142e-01,1.931374011485231801e-01,2.826444225789320752e-01,1.063810600487983121e-01,1.320494897860529926e-01,1.057041502820953854e-01,1.159851833096110368e-01,1.167510186510048870e-01,5.873999569960820094e-02,2.279501393691962807e-01,1.259629580809641103e-01,1.466339391825467742e-01,6.306163807129266941e-02,4.039988930983851034e-01,0.000000000000000000e+00,8.983867726794880770e-02
5.888705050672813496e-02,6.269210455469730048e-02,2.386081359158105097e-01,2.393604436622217002e-01,6.665593376771261624e-02,2.014704801401042411e-01,1.702697750569143742e-01,1.104474405771227324e-01,1.683841320526443530e-01,1.435111414480013947e-01,6.131331116177077961e-02,1.120964063350917556e-01,1.560399381474641967e-01,2.656151002712808795e-01,2.017275476927411770e-01,8.281835959384734047e-02,2.452397520074436621e-01,8.983867726794880770e-02,0.000000000000000000e+00
